2445380
4599089
3028237
710852
868483084
667936
3154031
6449677
670780
3101817
7365935
4415860
6384751
6762320
6383461
7544882
2109472
5386060
6385255
2648943
2968402
2695215
5469298
7693172
5534309
6640239
7304224
3225888
3154002
3100001
7498569
7235183
3947567
5071218
7038308
2126962
7693630
4079166
854629
7234671
668192
5267815
6648623
4419445
7238688
3288907
6906995
5972019
5382193
3547184
2118237
2113086
668448
6631248
6386277
3285040
2118191
5399923
7304562
6514035
4616046
7617596
3098161
2110752
3098162
2111264
3098163
2111776
3098164
2109748
5389886
3100786
7299923
6648923
3100740
4599636
6649972
3098989
4337481
7168359
6636335
4812129
6776137
6103102
4075341
6644841
6373999
7887648
3153968
2110777
3485235
3285048
3420462
3748445
2109251
7302772
6647412
7544884
5386055
7499637
7355452
4682351
7696431
5451604
7496046
7565409
7497070
6519087
4412207
4482422
6906725
5392194
4079151
5529954
7548755
3101556
7501155
7622753
7631648
3161662
668704
3098217
7107685
7483206
7102836
6636645
6516580
6631244
6647399
7628832
3682617
3620414
854643
7631461
6384909
736315
22871341
1369112700
18349309
3139057
1379860516
1078327
21080077
12335204
2147334573
923901
2147287071
17806164
2147352572
789041737
14335741
16026437
2147287085
5651837
1337297035
2147319661
1593495102
1613234239
14814303
1192951870
1532852009
2147319926
1547977
1600558084
1265303675
24575229
3751037
2147287118
20951581
18336105
20053318
16194557
1632829459
1731067991
1617690670
11159119
2147287159
2147300252
2078867551
8379089
1600520297
20299754
8218655
15281731
2147320694
6250078
2147344561
2147339989
206651
1095106572
2147287042
5912672
15950509
17022072
15274010
1778253821
1969512
18520317
1604869399
22979325
212467708
23919869
1272905850
2147287087
2147287100
23974297
593432
6105853
24050951
912326748
1370919526
19594589
18707009
2147324046
7620687
6287506
23526685
2147287156
7735926
20839677
6274968
5215965
1583415390
12183567
2101764
2147287160
13687420
188335141
8739687
3687165
2147287138
2147287112
18065149
2839380
2147287166
19049990
1997274927
12384831
6173741
2038366302
22972854
1171062780
4013949
2147337845
17527624
2147287165
15155894
1622212706
5744277
2086666281
1601765420
6888672
5943698
23461238
836304973
21754630
2147287064
2147287124
19266843
22805757
174653499
2042757117
1205058736
1996554263
1110376462
15673437
3944781
171311209
15069181
24378636
19888381
5712246
1367081071
19266890
1211170918
16907556
24771893
19528994
2147287120
19987806
892862555
1365049340
20393595
2147287144
862978168
2147287056
17424871
2147341261
5883537
2147287080
1350369313
2147335359
18027005
2147287060
18993056
3476740
24444213
2147299555
2147287076
933240
5704035
873841481
4596788
1563440
7545046
1728676812
19534132
878863865
825098236
21346178
1149042684
24821357
1332702742
3829301
17405189
17388795
2147333917
1289912488
20309757
7899446
2098069501
2147287125
2147340997
2147287147
6084352
20315447
20846845
1631453192
2098724927
21467733
11701757
19528957
16076152
2147287155
15928935
17781291
2147287075
7697149
8278269
8271908
7696193
2147287164
1245950202
976617468
1154709627
2147287072
2055208957
16569305
4809725
1341784141
24818162
2147334233
1050017788
20643069
1319174169
770637820
19922173
2147287055
7799037
1744044150
19004688
2147287091
6650365
49348678
2147331688
664009
256477925
654537
3544317
16992283
1144127594
560463869
1402077279
7566845
2147341672
7677437
1987051610
18010365
1071120433
24116477
22581245
2147287081
4245388
7230808
743440499
3539735
7156744
2147287070
1232928851
15861512
614334486
2039792738
878313468
2147287106
2192947
6568207
5596572
18657574
2059730969
2147319338
1251640463
2147287099
24706412
5607617
1004142660
870029760
16684285
7562347
2369277
2768967
6189684
2549374
2147309606
20370380
19201388
17451773
812580928
2039087157
24050986
17296125
964557190
12342859
2147287103
8353052
1279975542
4342119
9621851
13222880
18895200
18928196
21334856
2113601639
4216589
19004669
21495037
17870845
906035295
1301151744
385286140
6513661
20101411
2032992253
2147287058
1110441980
2147287163
20774160
894107694
2147296360
7802038
4615933
1109965200
1408172061
747567
4936709
15648765
1548812299
23461191
2147287074
2147287044
801767420
920911911
20205053
1338441748
246087719
5374758
2147338162
4590359
2147317118
1454702609
6928691
12993022
1352367020
1016317266
2147287094
1453457513
7633446
5883654
3740709
18125821
171364227
5320701
1254359091
2147342233
16281449
1147928683
2500349
1321009262
6578474
1124318082
17685038
3873277
20381048
8101045
18449750
1252720665
1594884093
1345978404
1875116029
20282109
1270591538
23657725
5740731
2147332763
1455186853
807059207
16842025
1975796
2147287039
3502186
7084140
1102118908
15232822
1289518497
1580797
19332460
4059769
2147336060
2147337086
2147334180
47448149
1074004091
19201383
1620099944
5714429
1183103720
7214845
2025552657
1140654169
2147332813
2147323439
16138749
7293714
14239997
2147287082
18174515
2183682
1019019318
1008140389
5524068
870907900
18033458
18561653
1611792380
1513929486
12782869
12687613
1213267964
1448411206
966393863
1310195708
1881341970
1442906108
19426161
17104152
20212765
2691436
5293654
2076508157
2147287115
10880320
2147339786
19725605
24837382
21167375
1761673213
2147338925
1703346194
4599805
2500176
631570549
16817437
9016625
23002394
4719942
660505
2147287108
3737341
1697251362
17482865
1358364668
2483934
1787509
3585756
18519046
19197181
1310130172
1353908293
644022340
1091305572
7705792
2519649
15307799
1170604113
11411551
1467264847
2147287073
4534274
996097
2145517681
22137635
752877564
23067929
1095172092
2147287095
1297285200
829251720
18062379
2217668
2507850
806978
1717985143
6631254
808632800
3270315
17038630
1473789
1849950205
13874481
24968453
16429082
6387470
1101856890
2147287127
24968455
12723197
622788
22674702
12586237
2038562877
349522
1449656385
2147337132
750333
161333
864813
2147287046
16726525
2147299653
3170312
20538382
866189331
20380998
786997
18415101
992804860
10947172
5205626
4857597
2353728
2147287059
2147287119
286308
18921271
18266028
13042254
8708966
4267773
7684640
1170407455
20839694
16973095
2147340857
22214285
5863165
996710
6767732
1394737148
1433534527
1586429
1142095868
2147318600
25033993
6294525
1382434
2215434
17996045
2064646141
17235305
19004730
2147287141
1739980863
22084974
1843709
2926189
2147338213
6054141
927546
1128202324
3107069
1151008764
747871
11164787
19418447
22609163
4502368
1613217319
17588221
2147318602
1796861
837877756
7465532
1212003976
2147287117
1008336918
1345126476
614727707
24837431
2147325636
2133524539
2147287130
1082720257
237679177
1227620450
4128809
1294493171
5242150
19193012
1052770345
20779534
1960443991
7477290
1302646
2906453
7696922
14915094
18203776
13907965
804913148
2147321235
433061890
6706685
15328838
2049639
934477820
4791157
1731624199
896567588
2147287111
16118346
19135741
3225889
3372407
2147344383
318155
9208573
740687905
17562885
2147287093
7107581
1600782413
17027672
13266685
3231023
4753646
1550647293
6298877
17344027
1425211407
2716056
2147339226
13187679
1876885577
18087177
2314575
15059229
1033306222
1145813271
2147287049
20310817
1265893491
1431699541
1425145931
25099517
3023155
2147338099
12114685
20152580
22805768
2147334368
5749108
1132043
4809270
18414923
16759805
23330045
19750704
18692875
2147338582
23919928
16058551
1446838343
277360
2147287121
6517033
984350716
2030305276
3213632
8274502
15629871
5469433
916652138
1902649
2147287065
4276001
3028368
16907567
7108888
2147313792
2147334857
1011836
19463421
1648125
2147287054
18021239
2147338352
2147338033
2758916
175152826
20643152
1776877565
611188733
13503594
2147287146
781647988
6254077
2147287068
22805795
6617980
2097479700
4811261
741049629
2147287150
1966735369
138858738
2147287123
1223753811
19944107
20446527
7853337
1989190
4784381
1097269256
12362237
1366360090
15641341
21429501
2957565
1257814520
9596006
799080494
2147287097
865796143
7274603
13813372
910950396
1263927411
330039391
1090770544
989761338
1248440215
3092034
10765321
1749155930
2773301
24837479
3897085
19070321
1536884769
2147287157
18611485
12889198
2147335548
2147287142
860669
2232573
1403453436
866648134
1322057750
24333948
8847452
2147287140
1009112820
971001873
1328939106
1217331196
2044657791
819331187
2147333746
17038607
1024851964
2038837595
1300889637
11417977
11986941
6967089
6840186
1691615293
2147335473
2718496
840656535
20053255
3045298
2026569820
1621819388
915180899
2091974783
1622147068
20829266
213909590
1304559678
7678759
13109851
5451830
2952784
1595133
18284179
22805796
912588796
7893367
1824325629
927400036
3094898
2147312445
7569228
6117117
5943600
7439800
7668381
66920
738656285
1222574205
2187119
19725626
2147340180
820038795
20577652
16901117
1430781948
14605339
17787399
5204293
1142067
2653254
18529701
1000199489
1080885348
152573
14983443
1903034440
20051726
1248657404
2147318486
2147287151
6278406
3559933
6960381
885260411
2147335072
4072445
2036819
14314099
15265377
3497725
19528985
14080765
971529
13387810
2147287102
2147287061
1397358679
6639204
285802
1397358589
4196137
21592426
21624829
17038589
974979079
2147317179
2147287063
15601917
19987709
10733686
2363645
3753530
17759580
16472573
3946616
2147287107
2147287090
1614348401
2043270327
1966800893
1669921078
2033844220
24247604
829947900
4863096
2163066
8280870
14578821
19145191
4065887
20432289
2147287051
15085309
3562319
938854587
1284243523
2052728
15128087
6519077
491847749
18617597
11733613
17562996
24228005
13894192
6244861
789687567
86839
18224163
2147287078
1868169241
2211197
5397313
631439360
23776308
1040646140
8024933
794099755
6692659
7804669
21096741
2147333749
3804746
20395647
985401
5856372
756350972
1416888316
18021695
20203281
21101902
1053610348
23985456
18983034
8132383
18611453
4333078
2147339960
18890749
993863
615776342
2925565
20116221
1469055071
1166737404
1416429564
1254555744
3820541
1755155292
2147287048
5762351
2637405
1090290362
16990205
4609119
2319455
19791101
24221781
843382780
2147334001
6178426
13897323
12696152
13951250
7538685
12275453
4273767
14470898
756993051
21588578
1002635260
4869947
20174077
1619616939
2568957
23198979
21101927
17366388
307953771
875567
868409523
963444823
3540267
1248580543
5122593
563347486
1399980028
22479013
920453116
6702158
3490338
16676241
867641
2147337371
828964892
6179631
409144
876527685
4548256
2147287086
24228282
1307115535
13963034
1703018511
2147287136
6892902
2147350820
1213510571
2147287149
1796388900
8137674
3421247
746717180
18152781
1457694
17812733
1289420830
17825021
1384368804
985202695
20446558
6114158
24426397
11763007
1336803339
16819509
3102733
901906514
7017778
1220607996
841136700
3484767
23133482
974241
846397437
1337628
20184422
2147287069
6164989
18218294
22920671
2147287152
3143893
19608061
2147287139
1051328508
1049296918
2147341730
21279745
2147287047
2147335044
767230076
3689563
4982313
2147339377
1187120
1911512
19791124
18675825
942145538
22855242
1246363702
1154744432
1447034876
1002373116
1405419516
20380984
873791516
14964000
14174994
85065724
941228028
1714988
1004782801
5271549
1308622844
1420623980
915261122
817102851
14444029
14970880
1803878397
23133437
13978109
20602703
3564285
837319721
921043051
1185611892
17300837
3616868
21826301
991821925
417843
8145917
746688970
17120277
1242890272
15006205
1252917276
13092944
21691750
2035493
4668925
21560612
1122762763
1394606076
373227545
25143791
1366064431
745799755
811843531
2098016
881783
8321503
2147287062
1465294688
5929331
1054605357
18903340
5388849
16591976
7357455
17223207
2147340757
745217
1364180369
16973053
1060765692
843363657
2147287129
6456873
1065418845
2223746
1046593601
18745194
3350866
16934751
329213
14325027
21691717
5126653
2689044
1657402
24051054
24050978
5859581
16829812
1140916293
2147287128
922235019
9436349
2147287089
2564861
19332457
21540388
25033981
19529045
2041497752
1987581
21167357
4138610
782832
2147339484
997195772
978255880
21822717
22412541
18873683
22543625
400893
845217882
1348272124
33378
7230973
6232942
3762429
18988454
2147287143
7682045
3880454
967618759
8017756
19434621
5431514
10199097
919850112
2147333851
7498493
2652229
2147287101
10716177
6163965
5121877
792854524
23526671
7553310
493617229
1511567779
595225
1193803772
17083677
1043136508
5374563
1255851363
1619973222
1908029
19518112
6831738
5960849
2147336085
816644092
2147287057
2147337945
424738818
1801779620
7528769
1312751701
18856571
2045575187
4221532
1239875580
10616852
13884538
1357578236
631486005
2147340865
2334526
21429592
18964824
19266911
10649694
1902675
4203571
22805849
5782013
3147578
2147334491
19398217
2147334137
2147338188
929169437
1249181776
2147287083
1206845531
2317312
2147340416
18808101
1117257747
2066546786
2147339624
1178815
633143323
7030126
5723148
1721630717
2147335073
1772797
7502077
23199032
1313734667
7801155
625147901
18480429
20643190
1796341875
3935229
1226440804
6033661
2121072736
1187905552
14318452
20697219
20262249
1325662204
5527293
2438929
1082176795
6380285
19639560
2901872
21151112
866910303
1017839670
1073348604
1247252476
5004797
16014547
1476001789
17890672
24050941
914489447
19213146
18414845
1087045628
5388904
1912602621
1206311
3744089
7061457
1410662396
22190251
20014589
1240727641
2147314751
756921261
14084293
2827598
1855324200
1612564660
2147287050
14064880
12607485
20839795
9452910
6645799
16845930
9438062
598824
2147339511
2147335486
2147335279
1302069270
1095827553
1041563761
5785203
818676669
2147326291
2147337321
909557960
2147307839
16667004
2834012
13892605
2147296714
6149873
332029
3046261
2147287052
2448914
7277328
2041511933
1104654497
1026949116
1930860
16447354
5399630
17367036
6148520
2147287122
23363951
1899364458
19856664
10925333
24968454
1376649293
13696372
2147336454
2147307348
6100024
15748880
7093025
5387716
23962621
6306165
320914474
1319960645
805568508
2147287116
8120619
19906472
15719009
1723740375
19397902
1001193512
1396965373
19115876
7612948
1136066556
1736179709
7415569
943390804
2147314817
1839479
6054267
744743
2147341939
2147287161
12202816
255787066
1074603428
2147287153
1948909647
2147287137
1163067517
18087229
18332365
14011217
18042398
277872
1233715196
5597949
24968472
22000846
21298520
13719137
8195675
6825474
5319196
1316159579
20512094
15030601
2147287045
2362365
828899387
877723644
2147287109
6759479
938065101
340983804
1975638
5925385
4983322
3828841
44826743
782565417
19463442
1001455612
3281405
19107072
1462304765
20039548
1264058456
17497376
17692075
20561188
1332281340
1054584545
22723954
21803804
3810890
1443415
2147287067
1137770612
1102512124
19160428
2071789577
8009059
7502166
839889074
6558205
4463782
22340008
12356093
20360021
2147287145
2147342138
21153755
1102577715
1115044
1087621750
20249873
1764898
795934764
19906301
16020958
17235197
1138062533
10095101
2147334737
2147287162
783876120
6912300
6105664
7220221
6720253
1201340467
17866069
1405523991
20118781
1449272
6958333
2147334710
13171827
1241251927
2147287131
12769390
14817637
23439626
849805354
1156763834
7514485
1615003671
1087754405
18545944
6318857
4873213
1320267495
14944538
905576444
15004669
2147287079
1074135036
17358712
2147313452
795590182
1463800450
24837213
20708633
12328993
1441005609
23198973
6186009
1151948489
286609823
151616
21495132
2376228
3876464
5355977
7683646
1066336307
1193148463
5972304
17083598
6116349
1547690126
896467066
17759485
1427919435
14530661
6294279
5199369
4384604
21888287
8370754
7021565
18087212
24706350
24182013
1105788924
1884815372
15595640
3043325
5207549
922222605
1146605905
1621688346
1514064
19368347
1399246533
575799333
23953409
13099543
20209786
25149870
24497102
539361360
18151503
1396244484
22805850
2147327339
402653180
19509110
6971210
21691730
2147337398
802045
22084959
1022754859
24903025
657241
5191980
1962999876
2147333868
1248198705
4186389
8297802
925040636
23645927
1363918823
765116640
14601480
296484945
910163978
1330708539
16973146
22936829
2698749
7025661
5468413
14258387
16973104
6056701
1333509718
1377828860
3030584
1179439154
1384644714
7934686
7986983
1783824498
8093291
1820447232
515178492
2866715
148309
273088565
3499005
1393229830
7326810
3808330
14833661
20577533
7879165
5924183
21822824
6177996
2107133
774814693
1152647238
5316472
35390396
17759595
21888259
24689755
7102573
21713951
2147287134
1342504980
13349398
17693982
2177533
2957638
10146557
816250893
19969114
17028626
4026471
21167436
1617166333
3749451
2147318291
6580733
1027211260
21626109
555931073
17300806
14279698
1994749
7958070
22176798
4520741
19791159
8638528
1259208700
2832125
18950176
20297000
2147287135
6188029
13579565
1068761149
18907809
961085503
1648951293
8196748
1932198001
1085124653
3042069
2147332972
24144246
5906264
795344974
24902999
540737570
2147287114
4509348
2038824992
1618608170
2147336318
1794824
796983387
6586142
2147287092
1319028599
5064754
2447357
4264957
1928265
1386676242
807459
4078077
6058798
1348075608
19987836
20231729
1593245693
14460991
7479037
2147331867
2111832079
23461117
2147287084
17693976
7230307
4590333
21495081
1902968829
5048370
22478093
3676669
275849
2429210
1459224650
6781693
18032145
16842088
1887764596
2147335038
20446536
21423725
22527114
423677
2147287088
1465843708
1162280962
2147287154
959971324
964197393
100139004
7367492
6517309
4799267
1032373685
18359293
796249190
342089
2147331417
687613
3632215
6831616
973078578
1844052032
6910241
15078653
21691708
10845693
1037434974
1443954743
1620639740
19451564
946339879
19308109
23028492
1203195718
17609814
312279036
5918205
1256061
24837491
1296218
19215878
1441071124
14788200
820576282
1203175420
1221984252
1285212684
794936774
744751155
18238973
2147340569
89708
21800957
6680265
1889665021
19660047
1298202698
749862955
70844412
1665073149
977913101
786169852
440401967
22347005
2147335656
808366763
3212121
19368189
1294139388
2147287132
11199485
18022147
7194712
17283325
7422205
786890783
18021732
3450392
1618935894
2147341702
6178924
11302771
5703165
2147313147
18204883
24051052
3419389
10088993
324438
1061683196
1266679804
1907509
1061989907
20446461
814531673
7091453
23264547
2048774
5125130
5690418
1405550673
20718589
1854536
926482431
24837454
87378
2241798
2147333901
953155580
14883988
7682384
1902444604
4863032
3102717
6647805
6789654
812318768
62718017
19311091
14352463
840980965
17366383
17769725
1020854268
17874347
3672573
14374397
20713792
2147350861
5722440
16579040
5399390
6892143
2147339294
1008205854
284669
541226
1122500621
936116315
2147339241
1007485023
7886206
20380980
12645684
8339709
2147336321
1252655144
5407505
8567805
206176355
20097371
1112866914
22150517
19594493
4992429
1074921558
155451474
1140347612
1404698624
2147331433
24366887
721374
20423224
794679
12761907
7217755
1186359
996325189
2478361
968359958
23067989
4629338
485720580
1725759485
12707996
7175744
1676541984
784056363
768016409
1934753822
1685424
12017735
13726022
3305287
17104160
1347747946
3256887
21412820
16872520
2147331901
20236916
19685882
3264081
2147341701
213026
1037893644
681326
6583156
7497057
7146762
6647396
7299690
854581
854588
3944276
7958629
3098223
7238703
5469538
7633264
6631252
7501157
5536112
6631246
6384997
3097185
7562566
3096898
4408389
4580561
1195376674
3333344
890568747
4353900
6565701
7234415
6580590
6762327
6909505
7238505
4550243
7300201
7235375
7619685
7562098
6910068
7303712
4614514
7566403
6840690
2110258
3099745
2109745
3616599
6906996
6845216
3224376
3678256
2118206
4066570
854582
7238724
6648675
7498096
7630706
7238734
6565702
7102823
7544883
3288905
7627116
6906689
7235436
6627376
3096947
6514030
7610417
3160120
3097701
7562085
2961968
3157827
6385736
6646119
6845472
3682352
3096950
6772585
6583400
2110520
3682125
6387799
6823985
3355956
7238743
3616816
3102792
3290416
6647126
7238722
4353912
5972013
3223863
2108722
3158048
3224115
3612728
3158109
2109254
4614508
6631968
3743792
854583
890568750
5728622
4288115
6899054
6909543
2111520
7500660
4417633
7479347
3288908
6386548
7479345
3290671
5728612
7628915
2109747
3748640
4079117
6582114
6950154
2125666
6631238
4482419
6517353
7369839
5136749
6631233
4342596
4539691
970049343
2306608
752923924
3098220
6383475
3098996
6384745
6504814
6777957
2109487
4289379
2109744
3684399
7610413
3289136
3097441
7358565
6907752
7610424
3158063
4290151
3421747
7886697
3488047
7624549
7610420
5785701
7610418
3485743
5469285
7165472
3421743
7619138
7305307
2108721
3551264
3153969
3225913
2111536
3169568
7238726
6909029
3285041
3356977
669984
7614291
7692916
7365936
4809829
7238761
7633197
4730692
6385268
3223584
3101807
5598825
6627377
3356976
667952
854619
5397792
667953
3944258
6386533
7614273
3101557
6452345
4409668
7623801
7365938
7614275
4801620
7292745
4476257
7352137
6579566
7629172
7941956
5709873
3158064
3097417
4477817
7566437
7162222
6713120
3224096
5386071
3748384
3100530
6579570
2640228
6911097
5399911
6910836
7502120
4285551
6448425
2109267
7696496
7103853
2109502
854577
3350576
667956
3096946
6906220
3097966
3102569
7225710
7563589
6762310
3481648
7544881
3356980
667957
2111792
3485508
3223599
4415856
4744553
6776948
2111282
3682113
7759703
6823988
3420463
5071224
3290678
3485510
5727593
2110512
3157848
2110005
3157836
6644068
2110259
2110516
3552821
3153975
3291229
667958
3100769
6776111
5267826
2109984
3101285
7565173
7496549
7552060
7238716
3944262
3285047
5386054
3416113
3416112
4600608
4075344
7499619
5465460
5975888
4474415
5531000
7614281
6636079
6776131
4807968
5072228
6906178
3153973
3749166
3355168
3683377
3029298
6103087
4419438
7628142
3225376
3098482
7304560
6631239
7352147
3101810
6385267
7364978
6647395
7941955
5451588
6649449
6514002
4670014
4075348
6382195
3101487
3684408
3358270
22871404
18333151
14734911
2439248
19070216
753533027
2147334507
853757
8280061
5250567
995033101
873038
809285
2147333435
1286799356
13564161
2057276016
295501820
1890320381
19224286
1189214575
1422131295
17745221
2147337939
2147287133
2147332594
18873597
1943404623
23199083
6225002
952355770
20931558
2147344564
409950394
6289959
21222191
1176090270
2147318790
1215430781
2147337511
2147315230
1905917949
1071251579
1115553838
1809241291
20412669
1572654297
21113254
1534853203
17072829
1622802508
1433272316
9211171
2049900541
2042254803
1508689432
14777085
750059516
1432204918
551227
18414900
634454051
1314509491
10385525
918224892
94116
770402678
761856041
63569917
8146797
1111621628
2147331792
1313079357
1194131569
15775234
1319284
756351066
15729587
1245446140
8150846
1031909352
19529030
2778190
803143781
2147313224
1261159395
1066531257
17092198
216304361
2703149
2147335650
1264255005
1118437497
2133459027
7765551
1345257468
1379873
24605362
5377603
1384891119
20314935
1274435
2056812
2147314919
8208381
18218237
8337917
3431699
2840596
15906639
1184890926
23581796
9410970
486175
2000158773
1279459384
22674685
1140785242
2147332400
506469
2147318317
274498201
4733283
2147340355
2147319631
6174973
14945720
2147331973
4793684
761645091
1235615810
24575307
17267905
7814775
16400381
15634685
478973
13764861
23640471
6228957
20309245
6237780
13767686
1118288094
11768969
2147336696
5399549
24444204
611844200
18939133
60227580
3540591
1984541
7151178
1363607587
8267893
2784853
1211027723
20693482
10049311
19566868
18808186
1575419901
843172765
1305870332
1468581758
14147309
2147308156
4575116
7078765
844874128
13286222
2147287105
1424067359
2147324365
20512058
1930237
1411645454
2147332070
7141899
2147320648
2147339233
1414397948
3415927
16446106
1285881982
2362974
273547351
1251333097
12480149
7549181
759038067
743571452
8114180
3746910
18032424
14811133
2147333703
4548349
16116136
1561627848
1068541
2147338824
886767725
16620541
16032856
1296629785
13342542
2147336407
2147318204
1160445948
1904524088
956256732
3693431
840237089
624660818
2147337487
6490830
12813138
1273626620
2147336587
17589103
2147287148
24063460
1337196669
1296236572
7939431
3739207
1397202356
390594626
1228386923
1296826445
3103514
20926205
1422458910
20600317
3547645
911396642
16854108
5514097
7282429
3486292
19070319
1171587068
7611000
1390639
572902903
2147332541
3424253
24116561
1896611892
777977856
1040973893
2139471255
5381634
7550572
1994609429
14680077
1137442871
18378749
971833340
23526702
1657365
813908
19966205
21366535
22805840
20839741
7033361
17793338
829305180
1404553748
1165754364
2147317080
1101791329
1173225490
2147324649
1336082449
15826294
20249882
1031077974
14817608
5954960
4084252
1120403452
3962402
9998672
1816264730
2147337400
17300733
6955639
3789080
931515899
23657789
16500851
1974534219
1132643
5270781
19903859
1258537136
15375334
1751974010
3741949
1370423326
13152865
6791615
7686653
1600913405
2147334579
1574305835
16120916
3935485
1416923930
2147317946
1803812861
1346830434
16346725
2978609
1547686818
7964348
17853466
1063453
6223470
6713085
18410353
19529071
1007616095
4268812
826408956
2147335299
1713722
7826257
2424073
5879314
6615532
15408309
1430257763
19397885
5782874
7354471
16143329
272893
2147333741
5447992
16322583
1342898246
16729693
1978960
1502216288
4568301
25034083
4530242
2147333443
15455789
1452128812
23133513
526893789
13435802
8006967
1252357
9736495
8355443
722510
1166397901
916745362
2032663
2047148126
12602621
1413427336
2146486199
1207271305
1723454608
20053245
19332349
8203005
7573843
20381030
1062384268
23526767
4926335
1171259429
6183421
1245642748
6539416
146068336
1514515
6019118
1076717148
1274675228
1449066547
1710589
17286050
1328139957
1013564
16347998
618201180
6893560
18414956
21757241
7103799
5369632
19442463
917438519
15708967
230343561
1710342774
829030521
1957844
19976027
12815613
177078268
6780465
7719421
59614
983564330
7996776
1298989052
6662241
2147319322
4197174
1001848920
3943165
1442567775
14725164
913965118
4845651
19425792
1101776673
2246955
5116264
989724694
1453565
2147337243
3420221
15140925
17355005
5144363
971571251
1091172859
2311933
2147307209
2101606
2147287041
2147287113
18036250
6968504
7223398
975568892
2141780433
17396094
1123549201
6826461
19844947
7998973
7409468
283036912
517931004
2035482695
5103902
16776459
20774186
17300755
2942440
2147287077
3433270
17547786
2147332043
20473656
2147326558
5574704
16992329
1409679382
19135852
857770700
2147313643
10410864
18248701
1334902780
1403715677
1372192879
10120567
2378804
844496892
1098796618
1224146940
7040292
16095229
7019791
3569266
902561788
2147315191
18676989
17366395
22281469
1424359421
1136525401
7891833
2144206902
5389124
19397980
1799815170
19135827
17343485
2147333823
18087165
22347027
825753685
16022045
24837405
4992891
1834669789
1134493734
6951427
6779645
15159928
5916018
839385160
7115436
4858877
4530429
2145410890
2147336596
4336940
14109005
19070205
6679111
1408761852
3893501
2147333034
2147320190
19725679
2962739
1878130685
20951922
1734095026
1541865577
18414949
1975844889
859389
870959
7568421
1428946940
1555496973
1097990200
20578604
1128254507
959053926
13372158
6489242
1796118
1191706739
20050902
399025
2147333624
6003802
16997885
2147341385
1313734652
14496614
6167390
2147309435
2147308599
2769267
1755871947
6517501
1053163545
2147332833
1851176078
840590356
142606332
4269412
61276215
8205565
2147350940
8275549
6114557
3742855
20380931
5383421
4271694
14545917
777584666
958988284
18355988
2147336422
1535673699
1346878335
7028477
6372380
14342519
19332358
79822954
4317890
2147341381
1092550652
8127512
1320464
1443647198
14055034
19660029
7396585
1245773843
1534132228
16772372
1361444932
22543663
6359622
7621681
554282773
12053305
2147287053
988705
1888354313
863764585
142678
4139261
8213286
1529597
7672946
2147337843
17871534
2126589
1156251644
7620410
13449046
2147341766
13581270
15718773
23592243
5006845
821952632
4590589
14342430
1940741201
2489338
20118882
806813796
15631630
3242749
839581713
379125796
1397227516
15491361
1384775799
18742624
23854440
2147332754
2068512829
1495324
15377445
7567713
9090301
6318640
2687262
5899108
1109749
1067909125
4589404
5068150
19571709
2147335735
829751302
2123890703
20381000
7146539
2147340014
1404633137
15671555
15822663
2147337601
19151357
1323237497
21822757
1612763268
1648933
18923773
2586211
382599218
22200648
17637936
11863388
329711711
6983219
18939217
1444349
21888294
258377
17078964
18711805
15992638
3148124
2706729
1012793427
1253965921
16958359
1104015
21572387
36306946
22215933
7018258
17124933
1666416
22543694
20280061
125960215
4471293
1066729562
17847917
1159428694
21626137
21174541
2147332307
2147332676
775863141
3023671
6687530
5140343
14269205
5929275
8157722
18009330
1564497
4868946
2147331751
1051656295
3748861
2147321512
2147287104
1250301
1101135868
1212136417
23002489
2237243
23461122
1010040878
6386429
14371430
2430205
16215293
20209997
24837423
24499092
8134397
3617572
11520378
2111085
1264123900
1327038489
1399241211
12707348
2375502
17561341
7696494
1612689018
422051917
3082520
828899325
2147337170
16358732
13615887
2147321075
1194448116
17562877
2091600
795652222
907739132
13405693
7743217
17083687
1409876883
4156772
4664096
5137981
14845477
2147287158
836134058
1162543100
1403584535
4449332
18873674
658429
5646407
5973324
7883005
7805712
19692029
33271535
996960
3165806
1647
1065072971
5049456
20032507
13150797
9426941
1145176060
4718886
746979445
2237285
4719152
17104185
1121863
6439303
2147324695
18021629
8127814
938737754
1353628023
2131361848
1783300199
4269085
12128509
10167233
17146109
1142030437
810269283
1107165228
4931664
3486717
15864573
21691705
4554604
5551754
14476837
14837757
20920963
1122041904
22296841
2147344457
7508746
2653271
20839803
16907538
7871328
8335357
1200226429
3897132
71761917
2188090
5711900
2147337502
1550778428
877985902
527985
1791773
2147287110
2908754
2147337217
1196374
3205261
19872476
4197499
1610743804
14243264
137115
6543111
1007222821
2147287126
2147334772
2147315236
6385243
2147337569
8777213
6574077
920453185
1069809697
3672598
776077357
5981480
16721661
7039287
7221884
5327743
2306305
8022525
1405205543
1254847646
14480223
17104125
5406269
801021
468234707
5756565
1821555071
1094778952
21780733
2716530
3238988
22871293
7443001
750256124
1131610197
2147341647
2441570
7086942
20770995
11982054
6375785
927268901
4989437
100631975
4759042
2147287040
19440898
15828777
3832651
631570548
12577573
15352355
13305459
14672150
6574589
20184326
919339004
2111684661
854196324
1361014721
7197824
7878909
15883868
1233368792
4997903
439075952
7803682
19201374
18742646
4869176
2147287043
1013121074
9892729
2042495001
17444298
350486
3664670
852865207
303910
19677028
2147316501
7217476
20230909
2147315884
85852260
8081418
7749117
1264936
19740157
2773066
21036285
1165623303
7234891
19073503
1977701
20969656
1344733201
1073217627
8782333
1206013
3023935
5204221
798162940
6908716
603227
289996808
10216037
3876417
6769413
7811869
17693964
3955531
978124860
975175676
1376649282
1009123381
13810941
397665
1366818868
18313515
4345853
18283896
1156448299
19498861
14683389
2147337923
959429096
1022754921
1457442243
2147313158
2758684
6049533
206667
5261655
995996572
148111411
7953405
20643115
875606
1000144892
1962379489
2043759
1197604954
1228013634
2147334592
8372591
840695920
14498400
1045430276
23710549
1060700156
2147336714
75261
840040474
835518460
1967178
1401273281
18933769
2147334833
6173181
19455229
418137
930669
373281006
959643694
20577598
2147332458
1538588732
23461131
1111228517
766836779
2147319160
20643180
906741
7347207
21953793
772977218
24050948
21936479
2147336091
776001366
2147319220
9006134
2147295758
2147334301
1406205967
2699521
3223549
18364236
1750184058
1432879204
1388707926
960233558
1400111100
22543649
2043543548
16973168
35389557
8135672
1247548
1137611215
23067945
917045363
753926243
13582333
2087518205
867237885
1119420431
12980566
7291389
13060955
2147307899
1426429397
749928472
5776637
2147310149
23002365
1451491324
22732179
2170438
3885380
1128726553
1364918285
1584594989
869709
1044971622
14360638
1024196604
1415708743
16720503
1994260521
42846038
6956303
4998673
909487477
1440570192
4126924
8370394
5837309
1000538141
3908932
18112846
14903053
498886
1190526972
281184
20208997
2147342182
18086948
21822759
4281703
5536865
4850598
7828257
2147337636
5958196
4933126
811532360
14920785
2147315690
23788864
4678012
1377566716
1082720284
1234042971
15478781
1141547
791216207
336637
206333
7433469
1258815523
6886457
7746301
53542959
8344868
8088829
21277718
7537757
1031077884
1288831001
18808170
13891435
6968674
1131348000
10228998
5791318
20905323
18694176
15895131
1290580865
18283692
1261420356
4051614
19987721
211661878
857669692
12773444
7086333
2147308893
6292477
918355964
2098528253
1235139892
2602940
15366397
1198063719
5907197
3019005
2044723296
2147340132
1275461628
1057751165
485687389
1078919164
23825471
1196591673
1460863090
13387838
5143555
20446547
1282080834
22387818
18480484
3884374
5596283
5013854
12334904
1125974085
2147341141
7950333
22478077
7039611
1155203175
1079924
15071514
15730906
16907627
1513231
6218922
19735563
2147331136
831717424
1954480125
6443773
11765069
10103062
2147335276
20643077
1306525788
6317683
3604831
1339870930
1159577076
2118582319
19529016
14173189
2042109
1298137179
1330970746
1285903175
24444157
21124104
18021684
24313192
21847444
1702232061
5319239
12598567
3486572
5856509
6170722
2147333458
5491569
742457426
8364797
4985678
2147316716
1134035030
1246756890
1821137984
14214718
114542
1093271548
4571540
2524255
1468268652
6514448
7164220
3860762
4995162
6951792
157220951
4830496
783548489
16104777
25017676
19529003
1370983817
15650133
4721277
6771197
841553
16460797
6506549
5449324
2393758
7159911
7053309
7814560
907345916
3431165
2075000829
1981808637
3271808
3302141
3933476
2147287096
5660925
23378481
1614413820
1152262
2098493
3033416
19622984
2449724
1139718953
1195311126
8275473
7030626
2147296358
18152828
1046151267
17120840
20490942
1383907794
1211301986
1411755837
1325990002
20053282
16491517
2164205
17395278
1447755772
12197359
5596982
381789
812122109
20245096
4143740
765984855
17995459
13612599
18860553
818086013
2236774
23854333
24837398
1385103472
2757223
624033789
4750876
1462501372
21953789
24695736
974192636
1332765579
50921518
1179254780
2958383
1127940105
6912567
17258056
3941629
14660692
7016775
1741815828
1073217532
13923689
664667
10223612
5197895
9792807
15220045
20708671
8237904
2913830
6431615
1249050716
3616032
7750201
1746403325
6579965
21167393
20792317
1543962743
1950416893
1498480702
2045693
24772710
578945123
1017315324
6515548
981270605
14812718
1288699900
3569426
16776538
7093784
831833234
179503100
5009661
18765568
766115836
431085459
1263796220
24641549
1130102908
1174274090
1027801123
12503258
976794270
1140221
1719822
1382481916
723242
6013686
24771837
1426980991
1398695286
14115185
17008125
1157365884
1228537957
7695872
1019543661
1376040188
1218314236
2147334119
4268670
1416757245
1461846012
2147316190
1032304538
5597693
970981396
23315250
1321205781
18231805
24640837
6938214
918781
748859
6057795
2145369705
1643839485
12271421
22019419
19856695
23395581
5389398
781123580
9551929
1455882236
1509410
16957761
903676019
4769054
18655520
1159266345
1199702091
1403568846
2147334090
563281969
17944402
1388432888
14786301
1115160572
1321772
884735996
14132053
11025684
817413770
216203383
5755328
1370272178
1078394956
6947069
8337252
5374269
5127241
8070709
20249928
416765
19481237
23680071
2147334047
23264621
8868244
4244557
2147340675
1455423550
2052609
1288763731
14387709
2147338661
1371603028
1377903737
889258100
2147332748
6270582
745865311
10820129
24313085
2498657
4344573
19119195
11838406
1127940140
8538382
2560821
19650636
1711210600
1318453245
6305021
7882348
5394685
5189718
19566082
1396375622
828047428
11765526
2771209
359229
779990
1444347929
20756796
1091764220
18021693
727387
6360610
5639421
2104192
2239997
5798233
1435107397
766948888
22150524
5838916
18402507
1236715569
2095054869
1419444295
12676983
7610621
1041039356
1067843580
1007681637
15883532
1191295323
977272828
14201500
908329038
5385079
15906685
7523302
1365180412
1681522781
16776527
13521405
984573
1259208817
4017452
215810044
14092797
6833681
1150025817
631832573
6833782
805465
273416188
1205501
6209653
1868759037
15946493
2147331803
4210970
2147334209
2147331715
195131
1025359700
402980957
21101861
13454610
4662848
2294095
16976146
1030163
8324666
15903997
16454590
1156908082
21268535
17020875
20315389
13730813
6972751
1189699
20691845
917438482
941817874
20007
19376984
2181963
16359777
12870492
2147331241
20118881
1443233909
23507574
633193889
11862428
3937199
11887844
4137725
7024235
24837389
2034690
892371629
6508352
6036861
918552631
2147341421
1811539
1004285
4802086
7941373
1106825471
1180041212
2147335293
6575728
17939868
2147332422
5785085
9175082
808201
904200188
8189723
20107996
1380843557
2147335298
6152839
6057340
1357887481
894042198
24300380
7887699
1097007182
998363777
17759591
1092026364
14852718
2147337947
22805863
3714172
18994131
6299186
2147313030
2147299646
7668517
20577636
1821966413
852410470
2103836795
3358587
2569533
6144092
6221806
811401235
1246205
7254592
2147331600
2848625
18480381
7550973
15518334
19856742
17235276
11197186
789174003
19856648
923730016
1589558
1099956322
857444685
1139511
2147338996
856489980
23067901
1735382077
275166
2767093
16119601
4198909
751566898
23526660
837484574
1118961660
6092153
680301
827240611
15261735
1364817296
4248609
367132781
17887289
1064304648
14893164
2147325515
18970425
5783549
1977791058
5071869
24968485
3223423
1194393699
756373508
1987325
20643132
3958554
591495
217907261
6968061
862536
2147331703
5162832
406585340
3353597
2373708
2147334230
22281518
1376255997
2187620
2371660
3564068
9463374
460306
1074685
620029
7450763
18539005
1615003767
6978352
21232931
20381307
4212780
971440175
20758825
1017839612
23657826
19332389
2367596
19281917
16479485
8067837
730154
923912584
23330166
24640765
331038
13874162
4684797
1014038634
2147331728
4792401
6312476
3571228
3138002
516882428
16480316
21498877
1842696
2040332381
1390739512
1332543484
1381498876
1331298328
17628413
7947894
2147339424
1459945468
5191421
847904773
4457047
1191706620
11900774
5754766
752287794
2147339110
5786710
14665520
1498742781
2138374151
7734525
18928980
1158610945
2035709
6436766
1255800897
6636386
12619118
2147341435
3974909
1058340899
2994126
917487809
4226102
2147337125
966524973
1087419066
960172
19581334
3763965
6632228
1046383
1465057324
554562
1074069500
896008275
1361772540
6755325
4444746
2147337391
8383997
89325601
1302451944
4617804
16254783
20446511
23279839
954138620
14931204
18190098
4146990
3489283
1666045
1543569478
15356512
154639
6438653
6821373
1181990
1586480
2147340866
897414556
18802473
15616185
881066064
2147334502
23264568
848035849
2497811
7489899
2063472
97845332
21979279
14407677
24902935
876150780
2147321273
17497341
14335770
860094519
226057
19135776
21179991
4481810
2147340124
1621446698
10488952
1139408892
2147321040
16654661
7804196
1318322230
938344502
2147337758
16954979
829948012
14548221
18512092
12732231
1136328700
1337458760
7429198
8376635
21560573
19156882
8144901
23592201
144489
2147308054
807993461
398354
6126634
1081540715
883509
1385667126
24116528
6502909
213963933
1435369489
19186927
1345060868
1618591770
1186772194
1252615
2377804
11404797
4834337
2147316000
3429885
7403180
7931184
8346365
20380938
1434622553
849543191
17431805
1798175
462315556
6710132
909377574
3437821
14716684
17020460
1187577887
1006862
1448083464
19304957
2147350833
4867636
1430519819
1347209101
24575268
17807398
1580541
22347019
4132666
3033341
19594555
3094374
12553334
1063518204
19759357
2836770
6716727
18073164
1297336860
1797390333
1612827151
1123635
2544917
1398669336
2147337120
21474338
2147350950
1347989845
18283773
2147335349
20643113
1109524476
1314050979
2147338257
24378621
21364050
1973542
12993533
7234675
3225632
3096949
7628911
7481426
6382441
7219488
3097458
6644084
7303720
5046377
25344
7471215
29440
7274598
29696
22272
7274610
25600
2097202
12288
3211312
4420197
6386793
7302724
6386789
2638906
3289137
3420211
3290417
3487032
3355947
3160359
3158055
5074788
4481396
6629444
3813936
3224624
3355189
3224885
3683125
2830393
2568240
2566432
7300213
6514034
19397888
2695230
854578
6631247
6449747
7630127
5120053
7566368
3422007
3354438
6909044
6648367
4615265
7628100
6644591
6579503
5006702
6780008
2111285
3616830
7566450
6644077
854648
1145962588
22150397
5700982
978845759
16951561
19635482
290243717
1732720
1406912660
20146954
7434604
1526345
1271332963
171638780
1245118460
22543613
2147335470
23989375
12373815
6101245
824836206
8087549
14737917
8152573
1344232341
2021457917
3420925
1820837395
1919829
15624554
4416893
23444562
5004601
1053163612
15833169
816709750
1050882125
2133482359
3626073
5702987
18162090
1254555739
23317695
1331625980
15661417
7101777
1430061052
2147338966
471203836
893714528
3990090
6397586
991363073
1135327732
1171456111
1130889250
16182813
19529192
1252093375
4330007
3570771
232587373
2957101
1073412507
19012861
13363395
23319431
23426510
19544277
2147318962
20693481
45219836
6713597
1311429572
141295612
13854836
915734524
1418199036
6308861
14997576
2147337063
16256509
15963389
1443299428
21412097
2147335765
1377251458
1782892079
1603731505
1206500155
8196117
877920252
1052246018
1368850428
1383202922
4093564
1304887341
5248336
1298137113
2147318751
19090252
19467549
5119063
16521469
814219261
19201308
17332330
2147310233
18546024
23985515
2969100
2147337230
739246076
6880383
5530656
20839788
2147333853
2841455
19185213
22478207
1349582938
2147338700
905052238
8175155
2031069
480045
1773309
3906635
1594955
4660558
978518041
1087635541
7789427
1390722926
1639841807
1390608380
5847037
817430598
868089858
333709408
14215165
7216915
1048510576
203612
6492413
23723297
19234109
2147339759
1452343292
23581453
5248535
1428075797
1125006
7033903
11652884
879613
314982
2097777
6449258
151519228
1020186303
18397551
15247344
9320957
4045259
15132157
6373629
20053254
1835663386
6294871
1345238114
990985
13306123
739552504
3045373
20700514
1448722240
2505750
1795883005
963379196
1580728423
16715122
1559167089
836698118
3557127
6641716
13352266
4799229
22066970
16528236
930676732
2147319942
4782396
16205309
17169671
5249021
2145845244
1064566875
2147287066
6118204
1605373
2147308279
7370104
1171390480
10313489
4023549
18021670
1310195785
1062823558
812974082
2147296352
18591485
6716269
1911052
1421323959
1260302
12977498
774045811
379256943
12173309
7934361
3502651
2147338631
7888647
22090749
2147350921
1417412604
1311506548
18238420
1331363836
1292763219
3504430
1418067964
6423227
18545934
9719333
7634032
19463550
12689256
17169768
876702915
405799031
7810877
25099570
1373091191
1028150699
4140035
20643083
1713701
14307686
5282555
932106499
2814916
5593104
2147335567
19461725
1239186323
17739384
2257715
19282173
6389043
8285437
4284212
6670090
795475980
4324403
817254987
19508527
13289579
22656111
6832125
1037540
2147351011
966590559
24771869
1196556377
2147332711
995855
257753126
7355737
1451027
18742587
14154518
9089021
847511548
602664
5069565
15301414
14111045
6438152
2053177454
1346329433
394110
2169168
2147339160
950403075
1948975203
4481219
14985981
5275408
1191051271
2978557
5908000
2147320036
21364019
21151587
18808105
2039805
1614938137
6819591
1176567872
2366461
12405509
3950447
909049959
991952907
1444216949
5395453
19528987
5836805
5815671
24902977
18721571
1210187894
5875064
3084804
21466205
14191894
6824806
2107459
19893341
19856650
6947134
4405548
7619405
14380084
23068022
20839696
20015903
7882248
2147333916
1396930542
5864812
982843490
7739389
13267709
531997
4530708
7622997
794689655
819724284
7649496
457310204
24116482
607997
6042391
1402632
1689075
7408930
20610891
131694
765001754
792330252
13185789
3002686
208667
21756925
852557852
20446584
14489605
1220804629
1224912539
5993561
982843500
6620157
902692919
987283252
936628824
12713016
2147324663
1126909
1089588078
7619693
2147598
3541453
1320849315
23184634
7874574
954859631
6615414
22105546
893780078
194764
1217003565
2042691683
13775101
1849377
2147315343
2145320995
24837373
1784152135
15228786
1818930916
7735549
24640768
3525008
3460312
1191182367
18742583
14115827
2052163
2193927
6818618
1036327
782761986
8193021
7675389
1864734
5313277
6777085
779187192
550241
22478141
2147332296
2147332124
1704445
6740037
8349693
2147296465
1345650684
7933638
411433
2758433
14787331
24639150
2608009
6780998
18283836
17444975
1220456230
373227588
5247542
1003273005
846058881
20708605
5835050
2147313251
991953022
17366269
4326653
15518029
57079
777519100
2039087159
5849680
396044
1281622041
15418109
15703805
1391984728
5774333
20643080
17912379
17551775
1927766
21888305
579703
598291
4582365
824049702
2147334333
1055457276
1732097
4064253
19364798
9419059
24968445
71172093
18590751
858109
17825087
992346120
15093297
602365
15636989
757202940
3280643
7411038
1244725367
7927915
3165286
4403480
963641412
2056847357
4326141
20173608
1378997407
1379270701
15213313
1466499145
17628540
5311292
1489305709
20011949
21139197
4479868
826081297
14414589
2147340645
21923395
1037107292
14425597
1228079200
4084477
2147332213
3752559
454754300
2136146008
1863239
13448739
16841990
2970641
633451521
7465476
23067912
7356669
1428665625
16776568
1364696
19147261
1576246
1818886212
1316028585
751435778
2147307474
473597
2147322649
8011773
21232898
997903
1639739
5068797
2147337825
3167997
2147341529
4198259
1175126012
6194436
2789290
1775239231
20036214
830799868
17602710
1449787404
4001377
136511484
405843339
170983526
954531836
1599537149
1170800636
22019325
22239030
1260716126
24640787
1889075197
1309868156
88735740
1135521163
1617147083
2103574551
2147334426
4240478
12269336
1445373
5637410
1446510652
2147300276
1110179844
6632602
881000444
2187005
2147317900
2147323903
5256001
353554
18169597
1780075496
22478129
764543010
21125998
5710933
8260355
418644042
2038956028
7591491
17874328
7897929
1999175793
7279375
7241469
6046745
20118789
905248846
1271988001
5925805
2100188779
20447318
816316413
22902383
9988608
952828012
23169467
1252505096
2147335914
2147338161
4970725
7365117
92536954
1855638
1908015223
1324023888
2174732
1061879864
24313162
19795070
2147314463
989724798
2147340896
15193952
6369321
739180650
1192480340
1958543481
1628373073
72821
14481159
2147288106
7367677
193658876
740738571
15277135
18172730
15170045
5977386
1620020419
1015808063
12767653
1293156348
1086552917
17415279
2099380221
2147331800
3374916
36787
2044985451
3962714
1181115249
17475949
16907517
274530429
2113594
829477906
269352956
20970798
2433821
1186488720
1101922300
7852305
1422589948
3207466
4799078
414122102
15854405
3861167
2147310357
871497794
2559094
3315582
2147307171
1157693436
12937725
1063239284
2147336045
1276751770
924319740
3410173
19757570
24509693
6876899
2131072401
14524500
5063165
13179133
13232932
356093
1515913213
144905
1304310
972488700
15565536
15423783
2258429
19778
2043871228
5928794
19003392
354834
5404435
8023293
2147340256
848953340
3672317
16635750
4856691
1042486
22281543
1051197436
24662280
265574785
21691736
23080263
12482813
883097699
12898347
4933459
526843942
19325693
2147331186
799080541
12929277
3021478
1646077
2147312265
2147335289
63504381
6492797
2075394085
4921638
330039343
4082754
2147288006
1373110364
19070547
23788839
2147299640
2627152
878903357
17469218
934084646
18440732
1157281015
1066270780
14915436
970391590
806167716
19791222
212381206
818330789
2473089
6234621
143196156
10650109
24738630
19791207
11035901
6756093
13949821
484173
1018738450
13187132
3889760
2147341416
759169031
7259681
1356231166
1053437
1241579622
17363799
2147336692
22936865
19169397
831324156
18480489
1164402933
781779063
1848820944
5771773
3089255
254251087
19590523
7372414
1086507330
1122810608
2557742
14972483
1498415101
917295590
4393328
17333740
18189652
20249978
601202
212598780
2505811
18742652
1705771102
1282015348
622723193
1799421
382533628
19242014
2147323059
1892352044
6431610
7808456
23985506
1122421533
6831869
16207634
1203961852
6127477
1760022944
14856189
7669364
13539687
255836386
2147300244
1046806524
18780031
998015
6648621
6405845
1047724028
3695898
18127773
1896658934
1361772541
14982781
14856040
419150
21145627
2147320055
930218050
5073917
24182057
879755266
1128071234
15807997
6991422
19153352
12164716
8217976
15957501
17950756
1168179271
2147315853
959971334
22936883
1244135516
22740221
1295607280
949223420
3825469
915369814
1942012698
19904135
6937574
2147308021
868483138
21167437
1003565665
830189836
862388294
23746876
1011460
1434320933
11691701
2147314833
20047670
21495157
7944701
2147338949
2147340193
5822354
7299452
1389394
7442542
881459325
1927772
25165053
1356246025
6281230
818085914
1031274566
6961272
4680059
6961264
21478000
21429524
1550974973
1378877479
1413414908
889782352
20264059
7434493
19252652
605514
1033947569
2041085
1219283196
1088014782
1237764546
17025653
937361510
3941240
2147331389
3943288
12527786
1439367291
825950271
13644084
14941310
5915427
2147333930
3597248
1954414714
4399883
12921656
14962814
1109852156
2147337776
7135708
48693244
14211852
597513
1177616399
3351672
2444812
2323511
1443692578
2147341837
19125007
19125010
2294320
1257469
2302512
3354621
2310704
5451773
2318896
7548925
11920125
18585899
18852995
2147333407
859458
6722749
12285803
1121517672
1385299964
6378598
1615265788
1827667988
978059260
16957982
4795173
6774013
2147314765
3746635
1651965
2147352389
836632607
5972711
17887741
5986557
13784829
2147332687
2147340258
2054837256
7232070
1124466771
17881413
1315864
801898510
1344208910
1349845113
741277710
1499411
805895939
3479549
1402535933
814874632
12163581
3560957
2893842
971309129
6054693
2147333017
22412587
19450853
4873315
19266813
89718899
19541590
17628518
21691758
1439891452
20970826
22019423
1652154
24231283
1848574059
6225191
19522309
1056902
1380450300
2904317
2145779792
1196687356
4004415
5316510
1820393572
16566499
4088929
2147350785
6441981
137847
2493187
1437737234
1345388652
923271272
1464912360
7767317
1639317618
18572575
5193725
5209853
961019900
4081011
826802173
811991079
142689
998506492
1359085691
24640834
1583480956
4137824
2969926
10262673
7787295
2147311996
22674725
466223100
2092105725
217853
1652030
4341403
1898315811
617506
4289502
2147313822
546557
76409
4186827
273766240
10206587
2101278
6601085
6751277
5325861
1691877410
2502693
2147352371
3542049
845938695
14127624
1296544975
12066615
1327869
339297
998478068
1062653
3358247
6863388
798708038
2147336920
23854341
3022866
22986609
20538373
1043464244
4088179
72454218
1454159794
809469
20249958
740360259
1949696105
4269382
6192893
8139838
3237897
1070858363
1194524668
1362690171
22936902
19463468
12081418
14604489
20447256
365414065
5247825
8223846
5299625
4733758
4024329
823918691
6249319
3619412
2147333976
1123147
1534722173
7742509
1116247645
797048828
5182042
13063994
23264521
7864317
3619390
4614141
8335693
13497427
792985647
4907096
7283197
4082751
23081931
18526996
2766699
20675211
1419116540
16916595
792985624
5579840
2147340324
1721085
18205693
3373309
8380705
1343750219
406570756
3678381
787349500
18200441
2147336200
18675709
866103978
23376853
836632572
4123299
19791123
2147339578
1105789044
4810874
15886333
683356
19266926
1090191476
1074331742
18332073
3086845
1412497404
6454310
7494909
21083508
1380814943
23505448
18105351
1424883708
1379467277
940617490
2147335907
3558696
2147308048
2147341137
1739784270
1127874556
6634768
1371603013
1152893753
1903699
20693784
2147312590
11389136
18720693
918907060
15982200
1312620540
1070530556
23223200
983861354
816757657
11023971
17518392
1322516580
1490354209
1373503485
85852250
7085821
3444835
4483415
1260191740
230293621
24706308
1063256187
6580221
1497890894
2114032
1142751330
9274365
2511869
21495069
2147340872
867943160
8417277
3196461
17217358
18766430
20539382
19151869
830275640
1424621661
11918745
556193038
911568168
618332157
12096116
20940249
1049035
1092145
20380925
1389363300
417267714
1709338
2147335973
6889319
15209038
17128013
1633997467
18218319
1317732468
6772221
5855591
6760958
1040908389
22412633
5859174
19577867
1870311666
2147350998
68812851
816347983
19192602
14951248
434962530
631373821
3417303
19191660
4750112
2147332872
2068905981
8961277
6628164
5924605
1157545043
6770173
3758439
22135294
1012138085
21888313
2147337469
1341570951
1438253172
3869524
20501743
740861
968884220
2101739569
97485079
1364634999
3571276
3892227
7921665
19315834
403197
1145897046
24167868
7996711
2147337494
1450901500
190447673
4990771
7811651
1638137868
7743229
6103928
21822802
12814916
2081674
4464462
1971978308
4517076
3890442
1183241866
17000331
17000315
23723261
8271869
1277240
8257451
140312599
7627773
23461239
2147338379
17182493
740425724
1662205
17440101
4076627
23068001
20970803
1014679316
4074289
17562975
23854364
14521085
20296917
1018298430
1434310154
7948091
915800114
1192886312
3624269
2147338009
2700844
1429340157
2147337165
2147336248
2147317074
1261459645
554893371
2147287098
1630847345
1237692275
17655363
1529615
20751613
239765815
2371637
1412628511
2319422
21005791
2147321120
8354813
4080467
22846620
19660135
1412956242
19608826
24575325
20643154
1393970766
1460535293
2147295347
10501176
1106167251
622906387
1950482406
2937452
1619962969
288054
2147340663
10568910
1420165215
1397162003
2147338740
24509751
5066107
8126788
8000509
7995050
517275644
1099497531
16036404
6414707
1073807356
1173880581
896008188
19569149
1800212
1026424958
24509750
16387399
805437437
13782525
19766510
2147331453
860406218
3937789
20294028
19451174
4301365
20184317
13901115
830078972
16083045
24509777
1630797879
6687084
792165
930283559
3623711
2147337404
6739891
1294780996
6907411
951320371
2147319044
16575794
3897364
14311409
876413035
1034601939
2147312958
16260935
1381302377
14181522
18844925
1111752781
1103822907
1508295427
855397
20315406
2147337034
18087219
23788927
4400818
2382148
4855293
892058413
19183703
1185970
14253309
18772774
1034733538
18196591
5788014
19526379
7297105
7288168
2147338822
5664359
1110114300
4150356
363986940
1771881984
982107051
1031274589
7286210
923729996
25099634
22740247
5425845
308674641
7291207
1013842003
2147319043
23680298
5198700
1028621413
1732349
69795921
1056505969
22740331
16348669
15661574
840958065
1135411243
23585499
1409155181
954204257
2134114379
1422393451
1403191397
20279662
17631995
1313865724
1143117899
1301001458
3175700
1008205929
881852497
5521763
22182346
1342534
1978990589
1369032125
1334640715
18808061
3558729
217597
8350014
79429628
19840458
8192124
3024937
4186772
20403748
1269563489
1106771964
2035548156
3290912
5202538
5469293
3100192
3485744
3683887
7628146
4482403
7300197
3099749
7235444
6823991
3683385
684916
20729437
21888253
1046806538
1252424
2147034
2388020
6146357
17982995
18461366
18204510
17963110
969211900
656492
738394131
857604096
14631421
18349403
8012314
7980580
20905241
1098438177
5908989
1088487480
2147321974
21364093
2036793397
2132672562
14837325
100848294
1977322971
1323565053
17157080
10229545
1522268
22871326
1448327520
1396113531
14210126
15516522
1005044630
19851919
15328893
6556209
2896032
2101786350
4463357
935460860
14405894
7810299
2017787913
321323004
18267502
1939618
2147334013
3868689
6530933
6841085
1664811005
17194524
2237437
1258875
1975058429
7998530
2147334329
1132789872
13597946
24182080
1404436543
753000
6096762
930218002
5900396
18074539
2147332931
14000152
23854399
1998077
1591672897
17759608
3875125
1974029
2364925
3686013
5789720
4721917
7626010
18480491
6454269
1874441790
3225213
2147313516
6766207
15399677
1978827505
174217296
1275330556
18218255
20778493
22394322
8339739
2053242877
2147333947
4449119
17628510
3018859
573898781
23264602
953942012
1377632073
15564625
7546903
2147296484
17693949
2121728
1107558476
14438657
994705404
19225375
17539152
20315504
907935836
1326077
14256893
3431272
5118973
2039414901
19166312
1715580
2020343887
7609344
3693060
1318968
7933949
7239010
10753789
826998905
4710472
19463544
6121981
1978445
17169758
7941022
20774176
18939256
1336999938
20571412
2147331681
9203575
560988173
21957283
23696140
20970756
5114621
294766
18677114
3681533
7683837
821934084
2317309
21429575
1360050130
1425060155
1662973
1432813692
316932112
19910500
1455226880
4278376
5327660
94717
3650663
878890724
15788153
610926712
19528960
872087548
24051032
1499122468
1060331233
6297344
17300818
7494690
5311856
2194941
1233191033
4391677
1526124
2147333872
24706301
2100288
1264582652
8206406
15464957
1345323038
7265837
4063806
68379
10648101
1934753899
1525757
2123759693
840302602
621940
18272846
4007256
18742638
6503427
1536360564
3601967
23122117
23002404
907345967
17235218
2147332373
24509814
16842018
2107375636
15866637
743112815
7739436
16017936
1504508238
2135425020
1434714214
544524
837419055
14371069
2147331814
17825091
17759515
3606121
23592208
4028463
1269356
2111504381
2147326798
1114365
8662781
1635103
16776449
19923234
6972959
657405
528381
1260191755
994301
3952125
931266556
1029832718
18394877
15845117
23526751
13560323
3423485
8139581
21284087
21480695
4670333
2046820455
17497448
17299494
18808114
7824500
17104968
7801923
20688591
811073661
17890610
17562942
53542928
2042278946
13453651
1433665596
1339883524
521912
9061888
862191631
395313148
1367135893
1195845
24247575
2115069
2076639301
851050580
746651697
2376002
1332805628
2057792
19660041
20839782
8198182
5112190
24009141
2147338315
811073597
14529789
644415485
2390134
16841981
1359216654
14189821
8172564
2147341724
23264509
2147299466
3819261
17111912
6368551
836370428
19493885
6534507
6881533
16613918
5448
830720092
3827323
1146478
2147338958
1199613
17035130
17996403
7944445
741670908
738107
2147317605
1337589756
6477219
1195517
2147334113
17546550
2115088
5394217
2147324488
1081081937
1007091713
10071037
17562899
14361700
22205139
622198813
4006458
3554045
12569117
10682882
12527362
2147299632
11487495
7452950
6717524
2893146
16199
1375535153
999030862
1106771999
11830391
160634
857064559
1082064984
1946419197
19776253
44025278
11075591
17366348
1196293955
5511188
3934067
6882394
1605959780
15775997
8878595
818479159
395116668
19201331
274792444
1277737672
3373513
19445193
5179773
96765
8192062
756744239
18654565
1029111804
21127181
2217623
1316468421
17694002
24231176
2147316104
980269176
6487826
18677037
1196285
22568069
1409569227
1737424915
16071933
1143209980
23133444
21429530
16027943
3014690
8208177
1106951373
1319370748
1401159747
762493661
4151906
4026621
850132988
19135868
14262366
17497407
15486717
2507571
2147341446
18414859
3405053
17557331
8016381
3752421
18836185
22609149
7138863
13344068
5311229
17777424
1516797
6045520
4398845
2147314782
19515937
15363287
6608246
6041122
2147335902
2147287219
1103429670
2097234
1229652029
1053819
16129068
5500953
21217148
135750
152322
24889075
4471549
107413517
8214630
18551055
7997810
6506493
849327794
941490176
999686140
1649082488
849281032
3736061
1272394
4263165
1554776061
1975549
1318322179
2147340108
1833007
2192637
2133065724
2375225
2147336426
2103590
2147331967
7545125
2147331839
1432158274
5351165
2147340635
23854408
1919229
1377304573
2890749
23854397
472140
757453670
13891069
328425
6571039
23592313
6695933
3023392
6418042
2760813
19624323
2147332469
7556861
2147340321
2147340273
1419563499
431209896
12582678
12742909
12154634
1828835
936234
2147340630
2761981
4063859
24706318
6953213
22854801
984809501
12423677
20401438
975962224
5641469
4127280
3804838
409085
8206898
13604903
4068221
3830293
1064108028
4799741
8206862
8387363
5778173
17895484
1599471651
6762024
2147311486
24116593
5801766
1856992221
19725565
4484658
2147332932
16600317
1132199947
19333977
631570517
4803325
15303738
2778720
2126453
4940632
18754645
4408414
282713
4879449
925479
853147668
17956093
1429012534
424219
5728045
14670845
1917001
18932509
18873608
2147335243
1446236137
1507517
18218364
22988553
18461055
1341181
1768926255
3895549
1885143102
1654371393
2051932285
1398276158
1619889759
21953914
2147308727
1904803959
1157234810
290259050
17261687
212402252
2039406621
7281775
1619591270
1622522020
7768573
1159621666
2147336701
7097597
7859275
1563267
294322182
1062904
8811125
11419546
18241073
1295187964
299368444
1170702770
1066452285
3877629
1622867964
1108148046
18741501
1835065
20611451
2147323333
866178571
1287192582
932951458
6575403
23133539
1620951430
3095671
1313800311
791806025
1201191708
5505662
22137601
24313146
1593648
1648361469
1023015179
21531476
1389428828
780664828
947453984
2035155049
19385914
6110045
8134512
11471604
828309576
1191772221
2325830
60751946
1192099901
2850134
1769471997
153485308
60227657
953614365
2571598
20881208
2147310654
19123774
2638469
24003401
6236029
1166344308
2034434120
781713448
23067958
1335293
1727660032
6571754
13611616
632815613
15891512
20905213
23264590
6238297
1443954698
6767103
2147342165
806551548
20203289
380174332
20315417
972030038
17169734
18629885
19656159
1295188017
2109232
7090720
24084945
20000077
1402535932
1071251571
22478105
5339133
1547371582
4124366
1712639281
1079312392
24575263
3757058
950599777
18677029
234029149
24902909
816316489
1405091909
16996852
6291765
545456247
1246507205
1699268192
8074795
6001089
8576567
6169853
1166475260
1636892745
1366143471
5773821
475975
6234906
5076574
19036442
45088764
18414880
8274173
4790525
5275362
17651558
2147322725
901578858
8057712
22347083
11807579
7048320
848822381
3946557
375062626
17759498
18596574
1755381831
7871997
18996944
434045006
12523355
2141782080
1942814797
1086062715
1279852540
819134574
8339965
235536489
1359897136
6619460
2064178
816492475
6836773
1718812766
2241021
912654339
2093613163
20884733
6630145
1114898437
15313981
1092747260
2147309849
4897618
1421541427
2147331128
1964751236
2147331497
1316053237
1431866432
2147336020
1715721835
1730003417
21936877
4861720
1195311121
1038840805
615120959
2092006663
1196359676
24509788
2147336766
10950711
816316521
1313931325
1169096788
20599792
5223358
323732149
24532763
1103101948
5706087
923992060
13413629
14171949
22332184
13239037
19856637
2147338468
5208061
21816726
4005951
19743295
1429012594
19376381
19594516
271936914
8024061
16768403
5832050
21066834
1296171131
3550293
2260323
5650941
22594063
4271224
980974443
16545096
1052814
3225164
1079293834
2147337932
2140012660
2147310515
505579
1100662668
4074544
22347128
20970749
806147087
5789181
515178547
376504316
4935525
17169661
2147336286
22609232
1188429884
23907177
1900871677
79495164
1109459059
2147341670
5687237
3570530
1220214844
25099567
4185058
12722443
1969017419
6766434
2134638651
19908287
1632239711
1194184136
5585882
1855829
940769321
4723158
1246101597
20839773
19289085
2229625
982831984
4349437
3166717
19463444
20211569
1891064259
22347022
20207196
3174909
20512028
18255613
2147325671
1247412220
3164669
60057718
2147338026
7757397
20693442
1334234310
2147333402
813328723
813498420
2035286063
5194493
7216427
918224973
1767047266
7882493
7491325
14602175
22543737
24248316
20291189
21530376
23919925
2147339736
1541500378
2043347046
23056869
7288403
957191220
783810556
1482844
1309147220
7177530
1442234259
18503421
1410496209
1215416853
15777658
72218984
1350947568
1939386142
5470293
980877417
14163557
7866231
19874647
17497430
11251453
303982861
8332126
1388729212
1188806408
6032125
6111067
5395727
1621017570
25033989
8149757
7215945
5909757
950861820
2042232936
2147315835
4666972
10248009
1164902505
1439020838
10422862
24313103
1034354809
22066550
1359256132
13838067
1410334835
18492692
1769302553
1215430652
7944551
2053832766
1648820348
2147333848
1367387363
1361969277
1861222397
18639401
1159266333
18301437
381157372
17265957
2147313933
14722045
7216125
19145813
1373110345
1622671449
2147337196
2147320315
2321957
1449984112
1034372
3103997
882376715
818872437
939065180
21691645
7812605
19641933
1071513596
20774168
8677411
835964839
16973125
24670778
6516834
24968542
12387069
16303496
19201402
2843947
2244093
1394868311
16645794
2147334971
5453061
21020552
1657339965
1439486433
3874557
2041839612
1487798300
2147339596
1621884978
6086416
1643708413
905445372
889585768
1109131329
19786789
964952185
1394016253
1078460458
146941
1622737018
9325886
6183433
1548419102
403767314
1339555930
905379898
779861511
958267413
5839198
6821368
1243989169
2147335395
7706110
8206415
6771325
969155682
20480552
8217215
24690332
2121213
19856663
1648932350
2064769197
6455160
2147336603
6520573
13630534
8916923
1690015349
926875721
1198653470
21036320
2147332961
14760968
6455044
2147331530
2113789
18873616
1163591693
6729385
24509700
20315423
7405178
23919906
1425670140
11637302
2147308885
7237373
18185775
4683838
382499667
8195902
24379726
7566412
7036925
990304123
1963196541
16194221
868548605
923664492
8086013
1194430769
2147317040
71893048
2147314820
4943717
1048798365
15666072
24050949
17214860
866517049
12197885
17542842
741585947
2147336843
2147307317
3811876
7695996
950730816
2147337745
13199131
1350172760
2101628423
3317335
13619313
8418301
1070530636
2147331451
1349485392
2147341972
6647147
19392765
10352893
1398804
805885
2147314023
8404779
715027
1340172
13312379
1415315512
5464147
14160926
2089010825
2865480
5900128
1389220538
8265725
744445
16997544
6567488
1248264287
5680076
5464146
1209925730
7221099
17724236
17742850
1010281522
2147339565
814494235
2051866684
21888286
2147339727
6446988
2147308117
1204977832
2147338000
16396797
17819133
19042296
26308116
5772299
1691025405
868614243
23526653
14112253
2147296549
2059674946
22805788
1724502376
529334347
740687920
1732837378
561053730
5843984
2872918
1297481748
1345781756
19463446
3957293
2147333677
3540330
1349779574
17547266
1327955964
5984077
741605424
389021697
1273036893
12480639
1995544
21801596
1349517308
2147339916
1193476118
2627036
4935745
15778834
5525513
19528981
22281514
4309815
757006415
4321476
1201232
666109
1463293
2769157
1043836190
5259557
1271136273
7762997
1387069532
1159316760
1114636381
22071408
2773253
1044360478
5521701
1284702225
5656573
1265631252
5358399
757006419
4321683
1201488
2147339119
1041301587
5265748
2076246013
18703140
4704110
13585933
11807628
8377089
2538974
204541
1921888
2571102
11307273
18599933
3560189
17883416
20022269
5134944
385286243
1070390
21429290
818020452
1286209532
323024
131946
8084771
1122959379
2147310631
13355130
15366141
10478666
1426915324
1422983272
2147339853
8267005
4025893
1427046397
15156221
807600238
22412597
1417412682
18487079
22630730
14885075
1889850689
2147340025
991033
8151116
3718397
2766179
1202913369
18545922
4068929
2068906111
1375141885
1339162732
11906301
1956839546
14573655
22740268
19979652
742491
2186749
13409635
902615721
3197710
387711084
2147320089
24903020
1187971068
18481153
828375136
17497432
1510188
818348094
16734792
22084908
19950318
1750138945
1535946
19365459
16000557
12858626
2147341399
13593658
76611580
20883793
763154132
18479484
1295974396
902615837
6314557
1692532830
10503165
10295298
1305542652
876197323
1377894510
16793905
1416429643
1159921668
792526849
2135556160
15633867
1139326530
7351549
6866613
1360986108
18768381
19111088
23067947
1393623037
70056316
2054225917
902609479
6246243
1006432
11779728
1796627922
7983757
19594518
1328611324
921239548
743374896
1419007026
2009042138
957808745
2953000
2147314878
4991754
1143406588
18198100
644284440
263496
763166716
16907552
2822190
6695974
813432921
905510692
199196
2147332453
2235977
159580230
2147307549
5194252
7093757
17497349
828768289
1079358968
927137788
1235812458
27189699
1422458876
7518675
22805880
1444638
2147309506
8217356
2147337816
18223357
215904097
7494496
5991421
20138549
772603944
2448669
23052652
845676540
2147339329
4726013
20577653
23030490
1281622096
2147352343
1724669
2649670
1324835
882835472
1362146110
6702193
5816345
22084904
7226900
3659679
14869311
1273954420
17280349
2147326294
2388275
1001324568
7226898
3659469
988086268
7466671
1722621
2387526
1193763
869120739
21573203
1305477116
2147335639
2147313697
786926
1357643772
9715799
856906575
2829919
2147340610
817937290
13827469
926220387
855375868
20641533
2147332235
22216038
18407230
8354930
1314455549
21766709
2147299423
19133039
18939263
17133881
2147331706
22674767
17758973
5133053
2979837
746964688
5463293
5835773
7537942
2147341970
1628438525
6379616
68812797
17853553
1617963
5791834
789501
2176253
854828
5976839
7472466
2147332447
24968550
21429622
1620705290
1659895805
1452408828
840302588
15441149
7958135
1435295884
1378318
825622524
2136768480
11710722
1305527108
2147321345
7960884
7089471
2641948
868790031
869597180
20013565
800849940
1690959879
2147344449
19717899
2147331504
1295581180
7035659
2147333328
1297416247
1453149
752856138
4179990
3738172
22478124
450101283
1013448825
2432253
7489789
1073007645
839173204
1277080067
1146473501
839123051
1997144061
2147336124
4066110
729355
3214169
820363831
2147340178
2147337089
2147314609
1392050172
1427046396
2147308226
20446526
1378593822
3423335
15548328
21189616
5258749
19201277
1343684634
22478158
3767316
2147332362
19253295
865633994
20269665
787861310
419325
1489481426
8664394
24247549
3369981
2147337867
3223603
3219504
5120051
3552815
3356727
2111541
3291198
1150796984
2147312553
2421726
1445833950
1511522421
1089929212
7423076
4815995
4262397
1334968317
6190077
715897
16904785
1255716476
20261649
6986784
5911632
966676854
22136646
871104570
288215907
20118903
1388642327
471866
3941373
2147331524
2147339533
3868669
2147334285
777453632
489736
2031812656
8264802
21774077
7483450
7405001
4146717
1276116988
16209156
10456356
2108555261
1664765
2147320176
6435930
864335934
1231335020
1060110332
17890557
7423514
2147312836
2232061
4606335
1513824
4075043
746913788
4009530
1711138
20774141
17701373
207683683
2147342004
1129775225
17825081
1306066940
20868956
17894397
21020750
1145878684
6082859
1538785341
1365966935
1294556739
1379729463
5468449
2147311498
319881212
19070259
7533905
3742329
990886183
3149334
2147311981
16960509
14005933
7542327
768915013
17835022
4318733
1147655276
1137750
8070412
1224605692
2147337310
1100152828
7159127
2287861
4593986
2032664613
2147331934
1313144926
5515290
1025757231
8852030
5979972
18021697
1255342184
4786500
23526729
11195062
18302286
816316412
7738634
1835859965
1334771799
1021968456
20221526
8198726
1172090962
1143472187
750505308
18939199
2147335179
14457927
2147295570
14168323
5798653
5452285
1379036698
17492429
5181001
15137789
18742563
745275388
870107577
47308843
6576941
816125
1649999869
1656915343
14557429
23090480
1456734291
2894157
20173936
4397385
1216544764
152345
806420477
1013645407
20627592
17557764
20043308
2147338829
16561933
7954469
270729253
1144324179
1192472318
1610743837
19332465
4605810
21232893
1028128886
5912985
10482954
1036386421
1239138992
1370357885
7214362
1840381
779441828
11977749
788773113
985792552
1635123275
2147336036
2297341
262373847
13117556
16803169
13002237
6306429
320339993
18232931
1353318396
19397939
924307241
16583009
802291708
20118861
20708714
14388037
201433
20511997
137479523
8015129
1200651
2036203517
1369812234
22347114
21298513
866648061
1676935180
21822837
1328545802
5640557
2061330868
7353597
1358430214
8204374
20919891
24771957
69992508
1192099840
1286584848
2147339442
19594539
17737981
1413087228
19701501
13331459
24116559
2147336959
23264528
907935740
2491517
3222257
2684634
1865976908
785134556
18912124
21560693
1445602881
7621117
7854439
5800097
1056309244
5046358
2565471
18373738
1290731639
17611687
23264608
24444241
18702868
21595640
14449238
6244396
8051457
6903135
828702823
1081327370
1224802376
625278973
8410981
2147338474
1306310081
2147340386
13847907
21429549
967693786
2147299861
2112815126
2147331259
1313341554
940834936
20381035
9272317
922669993
17467164
1114046460
1775101
17762301
8194873
71613251
1520726
8889148
6550735
24771907
560463994
18330034
10947908
1260292
19468797
1110835273
2147296428
1356791805
3025269
7169333
1070596092
993505076
18462937
4017430
9616925
2147331357
2147322604
19735037
19051359
898433020
1695739
2147320374
1293990450
7936050
69533737
1378811997
18780706
633440953
6084240
179961852
18414868
17542924
6874250
403767375
1454866
1928921189
17853199
1040646232
22084947
1100415067
2298877
1344143373
5250538
2147287346
883359830
1749024784
3489284
857145340
24444202
14064140
1844149067
7693510
2147340137
1471609
1265893431
13141545
467997
1941045288
1001127981
999799904
14814035
1844117501
10813835
4928793
15642328
178323542
1285947462
2147350884
4136189
2254333
14622053
18392769
20380743
6440504
2033647612
22871333
21615401
2147319278
8688623
4730385
974420313
818610256
1458818561
2147296553
5651709
2240328
4408095
4006594
1249837116
1664768979
6976116
18678141
1151139877
17296637
5314330
3562493
1760034874
5457932
20079212
2038431740
1384448035
18540153
1650214
17715273
5314301
2147340331
14228382
5075453
2179618
18946103
281175
958894175
2446589
2147296432
408551431
4849010
13000439
14512637
1298399228
7691531
983957556
2147339620
828781174
1872232445
19183324
15535613
852164682
17084374
4953816
1076280242
7358323
866058322
836096253
924450812
1150681084
21670239
1369767977
2895662
573833295
17085043
18148652
869216612
672765
1216020476
2147340611
14633572
2147337581
1245389
5731145
18034447
1912471651
1880883282
1284243530
18081878
12926106
819003388
2147331470
1503133693
11075069
2147317280
2147341050
22486531
801294
1203210872
1452277756
14781940
925531
15190311
106692637
2147310309
1046771634
6823677
1398079485
2147309735
1692908717
1017905259
8154200
1684078589
1538523167
1112772545
19762890
2147341795
2147320979
1380712494
15144914
11248652
932118555
12509949
2147341122
1871740982
1505951840
1429143642
15229157
7290227
189683920
1007191440
2147332009
2059885
6126845
1047003151
17033673
2147331548
1387134991
3891312
1832019824
2047211830
1592375
1382023164
2147334467
16973081
767086428
2147309514
7995398
320798727
2069942373
2104152997
1314848863
1322801656
1155727356
19113213
1605020870
5901991
1218949736
3328342
2843504
1705836541
15753943
1544470522
18939168
777846894
12365626
16219844
15062878
2071265299
18087188
1950008678
24758356
7288829
3693692
1866006525
3609202
528893
21067635
8908773
2147336946
475389
12986985
1095815820
5257792
753991676
831324276
18480449
17759543
281095
5647998
1870266390
2628896
3766013
18757492
1871577113
24902988
1612185713
21802869
3371616
20446520
932871
744095740
866842
7681021
1321912363
4322645
408845
20450409
1495445132
6704893
8112172
1861689
2147338365
2951002
17694056
20524661
2967386
941817883
6961405
829751368
2959194
18780264
20520481
21298429
2975578
1490966519
4610393
3944973
2239543
7048306
489409
1163198460
2147308060
876330077
1251784828
17091325
6538676
1469579317
5185401
19368026
4860393
1488912381
3597654
17382699
1157691735
6499119
2147339704
950456833
2147337347
1062295375
5900044
1926234239
1305726223
6689789
18825616
23035645
2965126
13370105
20512127
2147335686
6622318
148701279
1369505789
18677059
4401405
1917255677
18480160
13006523
1020526647
985977703
1621819494
12876046
10218812
7231334
6451709
13419575
17768486
1436614719
185991206
3607644
1051645
14371099
16907522
6041341
952434806
18742525
1365966844
23067907
1429471231
6191357
2147332636
512884770
925731362
24424837
2147308200
6061309
823328859
955307315
2147333999
1087401968
9976170
779800033
819920950
2147308722
1334760542
3476851
2147323360
413715534
19684948
1337421
18876011
743833654
375586874
3933949
1673972617
1362427980
18809963
1511574817
1416167452
2147319985
1266176725
949092348
622526561
1415512124
13903739
1204879474
2493949
7039515
23492725
1302986855
5120933
5274478
1008271356
399101
1390673936
1712390193
1723596797
1061606034
8409853
1281395351
320891135
24051049
22254386
1257963616
191889404
2147336862
1118417301
402063356
1900609604
1815543931
1124319890
831914102
85000259
20839700
891996937
20272669
889113591
24051046
1071382547
6782835
11744276
20249853
2037231
1383202920
2147322734
2147331289
24561229
853016684
4679677
1336868860
1052260
1364918322
22740269
2041822957
6703929
813957211
7099927
20365486
807337994
2955098
19791208
999075928
7344185
4725860
984489
779681892
2956122
17194600
497614897
3524622
803581
563271136
7574376
19922200
6958604
563216450
14105853
578999776
8151336
6297597
17608307
7549763
8168251
2030436434
2731584
1488715773
16914029
936556878
891224138
15248755
922288236
936771706
1970610213
795401
1391460405
1420427260
6697927
1012315941
7220445
7137098
1409136080
6516557
1891106813
1980925
748552188
1480261629
13433597
2121469
15303677
19660039
1144317
4876393
16902653
13204279
1689452541
17208985
744685564
24760382
2147332193
798033
1230700600
939778221
8311863
19379860
1515847745
6826307
1056112759
1992701
3802461
4975277
8114101
922943484
6621437
2147341152
1360592928
1271332860
1504037031
1263992828
7889405
926505
13551709
100859900
17671201
11076451
20203865
1041170550
6842692
2147333932
19102205
6834501
191852567
842399856
2582642
6628902
1736363459
1724514301
1468596221
17092667
1629159551
1858404360
6042877
1188617
919644
1532874212
4867069
18154856
2147332661
5924925
1086900074
1011975
1012269084
12711287
2147332904
3241574
8071751
6042109
2147334302
5327644
3287867
2147316059
2147335872
6499709
2147340681
1337589848
1381892185
19000353
10617633
1423277544
20295852
2205955
65577
15637528
14957601
17121281
751239164
18833661
53445
12816214
3045629
18255357
2147313661
3961214
1721928968
1848317
868417601
6624765
2120218
2147334146
11907837
840368146
7565899
2688720
18461239
15136033
7605376
15012114
1108017241
4921906
7345405
869203982
898380312
7022915
1060503548
17650811
2104360971
12633419
15510891
13730921
1394671613
19705581
134132903
7737947
15723773
842450495
2147340227
2136670318
515178550
1396965403
829292670
1308153016
1498918141
17675575
2147337045
753063214
265762
12300285
14602351
1431288057
1063321726
1576981693
1498918996
12912633
12918967
949501
521011266
778633277
5572614
759365628
1261830140
175308796
21888301
623116345
2147341550
819920904
2147335367
7977021
24116579
7767900
1121386492
1063125090
24050959
18546995
1060493178
7437420
2751466
12355581
5707345
756613116
1241103860
2147340597
11291256
2147316707
19972298
3249917
1711013885
1104740369
8338807
2147309976
2147336664
13228128
4865378
10929149
1984509
777846843
16524562
8072189
986704
1120059212
23264557
1104740379
939574818
1331494912
1376105946
1296171061
1178913357
23903210
24235591
18704795
1612054541
2767613
1351273354
2147331697
6347616
1414922248
1882177337
6555901
966066172
13060188
3609178
761790552
2032257779
3357447
3679997
5637117
2147350825
2147324622
6842365
929121
1818230840
14602525
4995069
2220018
732541
2147341418
154883823
965738492
1055588348
17759540
4418601
16466554
2432509
16438525
6973757
2147341356
1298553
20491953
3873659
23903219
2147338400
1293418492
2147334842
2147326679
5406252
1975976058
1297611207
16692989
1063780450
2147319083
7088447
2147344520
431030310
21790210
3209554
2147341778
17156860
16648
756547583
19073294
2190333
1832474286
1242759164
698667
1339274709
9205590
5126965
17638930
950534242
9320535
18851690
2147335913
2032861180
1681588221
1245511676
297053449
1240399885
1125842940
20774251
2768381
2969853
1353384055
1344957079
8334333
496479
869306698
1211948
13906232
4642162
789184540
13875965
1192689660
11086716
2147341862
5885409
17912159
1412354962
271712341
843251798
2506237
6092411
2147338158
2147333383
2147344469
5270135
2147308383
7299581
13244157
20168255
919535612
3542034
2509645
1014965533
22202603
797442099
5925373
5909761
6371325
3673660
11819261
10199604
3828221
3540219
2508621
1014834461
11971729
24247609
23723317
17103654
4721021
622723153
1692519313
23723327
320995324
5053503
320977478
4654621
1668196
6049334
809398757
19356635
21651709
12780883
925171800
1139998791
19452192
21167484
78828539
6094936
2103825
6162469
2147287333
2147334118
15867133
3088381
2273260
4654144
832288418
15416179
8219645
24873404
405798998
1950323582
8151640
971159550
25034102
5775455
1685782525
18060798
2147307884
3887222
2147340094
2046153715
23199053
1619656700
1527316499
6549326
3087675
17419005
8080428
18611570
1381957628
834469967
1188913360
15636594
1425785836
1204420604
8276604
2147310545
947453948
1497149
7990128
1869611023
1849724
1377697789
15080701
5459257
7762205
20162401
1187932729
1383465082
253624316
25013221
21872270
20905277
6781276
898236486
1439552142
1332726825
1226031653
7226214
4415043
5653326
4399683
6824311
6496607
2186061
987001080
1322713131
815706024
798535540
4480578
5653070
4343362
4080182
4337218
2507294
4331074
934406
21101826
1538311
5834553
465159
5059600
20261662
7552358
18160391
20033107
14780293
1138425852
7558058
1142030351
1414004732
825264266
859701290
12165117
1186660357
24837497
1227315
2421308
16564733
21058098
2147336859
2596835
1033699352
5927677
20301874
1314309188
3753843
889192459
2147336958
16696411
1144651832
3634026
1820852221
1108541489
1261335233
1144062008
2585418
1108541488
1261199074
1143406648
1536810
917962799
1261064073
1142882300
2147336365
6347687
6368765
1621295100
25097857
3030781
1916773
1455226892
4203773
2147341582
2147350911
22335608
22335199
1286012924
1051918355
2147339035
1233256444
1186791544
13459988
2147336994
6897157
802488336
4142333
21953893
7687933
7425789
1768751188
21954759
22281576
6639357
19135766
6750973
17021944
17562980
19510947
18922486
17038692
1498480637
54067196
14289405
1613149329
401149
22209021
840302666
952500253
2147335923
1558773757
872742921
2147335921
72089688
1342361890
20904930
18725872
71827544
268683975
18725870
71565400
1476771545
19510498
18660331
71303256
1317515477
18660329
71041112
1092616309
14971645
1055327287
17439078
21223824
400125
1054999604
6037334
9770314
922681369
70320216
825294918
926023676
4135933
1904017429
1523453
1904082941
474684
2047307313
955757077
1989752
24169231
23133561
918093872
984116785
3077800
1848836093
994876
984137582
23919895
15083005
1515100
7922982
1042738
22871392
17971552
950272039
7013142
7680635
8826887
1293014443
464670
6060144
1965490173
17731837
15062485
1296236639
1006712
15062629
69795937
1981560
180344233
462622
3998399
1437204486
13876296
781702651
11778
3080701
6371454
2147336056
7682
7931901
3685147
204290
1966712
52030
7918936
5897949
1168310372
1148584033
1096679473
18873700
861995004
12804093
12786042
1324089373
17825137
7413264
2034173
1378418684
14412868
1139136235
17349612
1458307139
854130684
18082884
17360125
850770120
952719941
1376583681
19859893
952762364
20039933
19997510
12723269
14911985
1455095804
1511677
17172259
266512
4472848
110215
1404043324
4198401
4260868
1118276
4198411
21211421
832241711
20970817
132105
1057856
2147323929
6295312
2441213
4260356
593956
1123325
20643076
197629
2115829842
6360848
4282445
15222116
2438374
618594369
1346080689
18931547
663058
7948285
744357891
1970808
21539166
1031471116
817917
269842
11063666
6494011
1083244576
776470539
1979000
1463287840
21968929
1774911495
13489246
776501754
3739259
20315407
1926141
17748753
2147339307
861976180
973124447
15612431
15668853
913702908
1585661
790130
81395774
2147331749
393787
551969
1323106300
16907628
15853104
3478112
990308
19530305
395033
1860720
973209664
8249597
6034173
920120
134666
3745789
1533018109
7415038
67333
1840240
19201537
460060
1339472
12740919
8115265
1425997820
1555955742
2147331413
2147332566
15081725
669736
134730
23360212
4260103
334868
19201609
3729848
19922251
8898901
6576893
3523567
5858155
12849997
1549956123
7144645
20517437
894500860
13539686
18545947
384827473
1239285813
2147333871
11761734
20315510
2147333875
12196678
2147333879
12461894
2147333887
14146886
9393225
19583708
1165088455
1658608527
1461215963
1744557905
1658649083
1468097243
1853489166
1853489174
1853489182
1853489190
1853489198
1853489206
1853489214
1853489222
1853489230
1853489238
1853489246
1853489254
1853489262
1853489270
1853489278
1853534573
2147315321
1063321596
2147337723
5637885
939903
870645756
2147299452
772210684
1597636687
869334808
16642619
1112735755
23600786
420020254
3486240
2111024
3682336
3487792
2110776
3421728
3486521
3617330
3486002
3420960
3153972
3684128
3551798
2110773
3153971
3617568
2110007
3153977
3289888
3551288
2111026
3153974
3290656
3748896
3421746
2110264
3416118
3160157
2100490
3356729
2109749
3618865
6828320
3355440
20813309
7607397
2147325652
2147316652
2147337484
1342439420
1023606786
6927727
13668535
2494480
5334103
6111485
81433386
1985085452
1200454
1950444
2147335325
2147309926
1851196
2147319757
813629562
820707325
934543417
7556685
12460906
1257570330
19742793
19489420
87883822
21495082
1426980978
1256194088
6571773
6824189
2157747
2147350829
6844157
4662390
2107441149
22041156
941162570
23393933
2147335095
7550868
20118802
1103069234
1975293
4727805
24857865
1036432
1198183337
9212736
5416776
1265238128
1742582073
1109327958
2147339053
4214269
2147340325
22791225
1019871356
20315454
2147336511
1372389372
1816161144
323485786
805416908
3166779
1341063212
17870563
6492504
2107375687
833159164
1371978875
7267030
17132029
1191450
1109983253
1262722874
17934333
22609261
4462333
2147340539
1527578621
143327278
5780587
21036367
1351013286
8380464
15293799
2147337850
1228734460
2036989996
25021949
178520118
6774384
1017677914
17698420
5180957
2147350964
23754332
2147339757
19070328
9060649
19856756
5966311
5464909
4016209
1409023996
879411145
1697429392
16775491
20835428
20249930
3367726
1365573667
833863425
2147334865
19571965
19960111
5781285
6814994
3028221
1424818267
2323965
1720844285
2427149
1840420
2898562
1785853
2147339184
843775996
19878830
6113103
624492541
6693373
1258946344
5925753
2437885
2147334688
1420165116
19316640
267575344
4135421
1414332485
2147309304
1386968069
326434916
5926188
20663166
19884811
4015733
16776451
316932205
196608
0
65533
15575816
869990518
225705980
2259453
13683705
24378646
1387855894
1739639
17285349
16823039
1444610095
20120920
983552038
1458110460
15881052
1013055484
16062046
5189373
8227981
5501990
201725
5381735
938541088
73104094
22281551
17366826
2147317466
464210
1031123804
7411283
9104681
6972479
18532015
1151860792
18528037
1143078908
1143013490
8320383
4405511
5511421
1149829116
1035075627
3502600
17659056
13336840
2147350965
6821973
20022428
2147299457
2147340219
946143291
890044522
16555577
1287782435
890044503
1278410878
21363965
828490859
1146880104
13335056
6962173
13709113
940376185
1527513193
20577651
1868431380
921763873
2147299398
1259815
5374717
23775532
399202
7112990
1363214333
7012283
2147337286
5307129
7666379
18476103
2147307647
6884967
18021738
623443965
911671368
6825832
1709244413
14365497
1136590962
1167458314
20086817
6779942
19725643
2147308514
15308116
14890873
938606588
6820189
1319333034
2454577
2147337395
2147308516
4978961
19501139
23837193
1192614
20035639
3694625
13156208
2039330410
2147350912
7495233
5665118
1616379965
22478192
1360396346
1407304857
9386100
18021748
17497401
1817509973
7636708
7674621
1391853682
2147308310
2147337879
1404013769
1405254957
7629747
7971866
7954217
7972194
2147341036
1142358127
11405568
2147334023
3103229
904855605
976664895
6566712
1700987003
2147307206
6844250
1350959100
2147350973
2147316782
2147339024
1135345660
3875581
1083923647
12000253
266716
991559764
20471293
913506417
4083247
7407559
671081
986841084
19049039
2147337333
15369054
19112319
1193410614
15818870
1699610681
9518333
2147317910
2147308106
1149540691
989810323
1076363266
3111165
2636797
1847853053
1407240103
2147340402
7617277
12935165
25099580
20455037
66191406
274555664
1351614460
20839740
2147337612
2147337606
1001914479
20362297
1193431799
2147338092
6201921
1513553917
17303293
1429209085
1035599868
18195965
422141
17956162
299355761
870478379
5257691
792723530
1185331318
10294734
8269660
6891701
1346437116
1397602447
2147338021
1036241672
18242424
9917485
12594724
15050156
7338402
1895628913
6370557
17296492
5857574
1018167292
1367801899
1245577229
6169372
1333526590
7668480
32318
1139749048
2147339367
1104923383
178585661
5661217
824049660
957546592
1327628284
20362501
843644974
1196394653
1338224587
777977899
1340722563
1612447740
16680210
13558269
8267212
7432189
1835008
4182829
19421990
22790310
5730813
817608921
22596902
20166578
60620822
24364009
13561346
10423889
4053694
20364409
2147332669
4607613
13905405
1822199
14641149
2147317039
1973370
1338900522
63
18531123
24182039
2147341941
14863889
24968518
17329694
836881187
1058603072
917504
929851021
4834985
19517949
18181230
16255752
254410825
2147336726
3701838
1264451627
15488445
12669121
2883584
24205581
1334640636
830341151
17084592
2147339103
1457586172
1074462788
18275325
4041298
7820544
32308
19367873
24011532
1850621
463459664
5250859
19692293
1137016
17876989
2147311464
5312270
2147337909
922288124
9831896
2147341567
984416252
867434587
17730045
1449950143
145460
126
20184446
1368832343
20559656
2147338627
5250939
17477750
20288800
807207027
210436092
1302814895
990234562
18134333
1384972414
20935023
5227901
20032548
807141491
14747389
356456
1868038141
31080
846594161
12181512
2147312072
20774175
1896415331
20575153
4721950
24640784
12895741
998653
2147334357
1369505803
6425912
1558184010
16907525
1183842326
12279293
845873148
2147334276
18141631
5860974
23564343
8005646
1405140503
19397970
869204027
4010047
17188478
17426042
15410630
1025507409
3999037
1374814205
2039480374
24771911
5405949
1377353371
5328481
1175574212
723709
986685
3751797
8338941
4485965
15824999
5857633
2201094
4726571
611182
24202224
2147333491
4799485
276485
950992930
803045874
19726651
1782058
1234239571
4992689
1112473653
1152516106
6842682
7184416
553773
3554301
2147335392
176619588
3967055
2443903
1824653309
219414524
287826
1241907249
2147339281
15213095
21364089
17650429
1283522621
810680418
1340669948
871352486
21626210
7396389
22084861
1714478
2763784
387186684
24298308
1289420796
867434606
1340735484
21298445
15250493
829149771
213581861
2147339490
2067387043
986434207
2147325725
18398187
1030619239
1315794582
5580392
19265319
15990354
2147342194
7368189
1135935503
925237358
2147332958
5377277
18128822
7486461
20706854
612499548
1969511
21626196
18546007
7348565
4463417
2570088
21298486
8828157
24903034
3547199
5850877
3508207
1148518431
925348503
8716303
1044297329
22084866
8102289
18080509
2147325408
4408829
376897532
505332845
16379901
4596589
987037692
18533206
1105833091
6364949
1816485
353300
2147341131
4922490
13650685
1625769
2145386613
1202525
7629565
1310572848
3570685
18580218
1138999707
6760957
1340932121
1128787
4929131
7632228
1310046247
7091709
871497779
1198966876
18730446
1255407620
2100494415
1002867
12283645
4341625
989462584
2147344488
1648230439
17442301
14960437
20721025
11583974
194641972
1529715
22915496
22412646
6690636
1135870050
7230543
2147335190
19257942
3962621
4868623
936247344
5153265
2147340576
1400701003
2147341400
25145936
1124073468
16839677
521404412
1367959632
92781267
1287716888
1397339954
23788835
1355677802
12375375
20562195
781647868
14759006
3586199
139701573
20830739
8277087
7828730
915389253
20249967
19725624
5857100
1198325843
2094399512
21626141
13606397
1351090279
749076505
1820262397
8286787
7185611
8080666
6832156
867762173
2692605
865861629
2144521975
12207101
1858994281
23788797
1142541858
1301335351
5992056
1837009
921370729
7019293
896925805
7039595
3220246
5333869
2147316951
14000401
160825366
20817149
23966743
18611545
959053820
21909496
2147314822
1856634938
18218311
1411685185
2147299544
1801912317
7033719
24182140
4655687
14174461
8148744
7105021
1097924682
12421073
1622147121
803078173
1590231060
993866117
1319960624
2147312019
119144555
19463450
1317151269
3613801
491261
5073405
944420531
8063302
1383202869
1388642313
14061366
11819773
3227223
1009057788
18844084
1543616404
14749640
3698173
22695423
7095549
3921126
24999778
10358188
996278377
19660108
22216041
5522247
965279792
1229414481
14703933
18375261
252858700
18272594
1274216522
1065680916
376832052
6650711
1548287997
44461
1410007131
16745981
10167701
1417347118
13696253
1387462652
14560509
23986471
7856764
13000013
18977021
3295039
1389887500
20184342
7293055
2147352382
1441071101
7562766
382468220
2147341434
25080817
1375928426
982097722
21078125
2147338895
24141045
3558909
784728094
15572731
1405288477
20905295
20800828
3764221
23974664
5036275
1904476254
819527676
2147332578
12401936
868400328
16118057
2570092
22281515
2147339604
2147339355
12668413
1313472610
1024131193
860160030
19555205
1072431173
1527382013
1306722323
14604142
1122588
1118961728
2147295360
5452389
21528335
969051363
2147338470
1835832107
402834585
2147309795
1424752644
1882424
20496794
22609247
1031995491
6889560
24163669
6844925
1312765
21256456
914863495
140640368
782106711
22084888
7748666
20690086
23395653
3029838
20659302
1429995619
1403584525
18132024
17419860
1709895
23526757
2147320349
860422263
7894620
9051257
7100720
15637308
19381410
2147332051
1525243618
2046145352
7893094
719545
242483281
24955738
960299047
4169785
3467114
18711121
5334612
2147334298
1911313
2147310082
2147337340
16861560
2006800
2713669
917241884
17844392
1290010620
7931558
1254096934
19546109
1768030291
1138491504
919958574
20053320
13539837
1262536036
18006781
560476346
817496187
19057405
1055064181
7818031
20449581
19622703
1064549509
1085341692
6375994
1383236394
864026714
13298429
